2 0.025615956198670315 0.1486097794822627 0.009777082518576457 0.014381591562799617
1 0.5398904966757919 0.40723873441994246 0.030113414157215485 0.05129434324065196
1 0.4108330074305827 0.40699904122722913 0.030895580758701604 0.05081495685522531
1 0.43684004692999606 0.40963566634707577 0.03128666405944466 0.050335570469798654
1 0.4736018771998436 0.40532118887823587 0.032850997262416894 0.04937679769894535
1 0.4886585842784513 0.4081975071907958 0.03167774736018772 0.050335570469798654
1 0.516229956980837 0.41083413231064236 0.03128666405944466 0.04985618408437201
1 0.5275713727023856 0.40795781399808245 0.032068830660930775 0.04985618408437201
1 0.5524051622995698 0.40627996164908914 0.030895580758701604 0.05129434324065196
1 0.3717246773562769 0.40580057526366253 0.033242080563159956 0.050335570469798654
1 0.5670707860774344 0.4091562799616491 0.030504497457958545 0.05129434324065196
1 0.5786077434493547 0.40699904122722913 0.030895580758701604 0.04985618408437201
1 0.5921001173249902 0.4081975071907958 0.030504497457958545 0.04937679769894535
1 0.6059835745013687 0.4077181208053691 0.030895580758701604 0.050335570469798654
1 0.6184982401251466 0.4091562799616491 0.030895580758701604 0.05129434324065196
1 0.631208447399296 0.4077181208053691 0.030504497457958545 0.050335570469798654
1 0.3947985921001173 0.40508149568552254 0.030895580758701604 0.04697986577181208
1 0.35803676183026983 0.4055608820709492 0.03167774736018772 0.05081495685522531
1 0.563551036370747 0.5155800575263663 0.021900664841611264 0.0311601150527325
1 0.2248728979272585 0.40292425695110257 0.030504497457958545 0.04937679769894535
1 0.77493156042237 0.3559443911792905 0.030113414157215485 0.047459252157238736
1 0.7880328509972624 0.3566634707574305 0.030504497457958545 0.0488974113135187
1 0.8021118498240125 0.3581016299137105 0.02972233085647243 0.04697986577181208
1 0.8138443488463043 0.3549856184084372 0.02972233085647243 0.048418024928092045
1 0.19827923347673054 0.40220517737296263 0.030504497457958545 0.04985618408437201
1 0.21177160735236605 0.40292425695110257 0.030895580758701604 0.050335570469798654
1 0.23973406335549471 0.40651965484180247 0.030504497457958545 0.04985618408437201
1 0.3443488463042628 0.40604026845637586 0.03167774736018772 0.05177372962607862
1 0.25205318732890103 0.4041227229146692 0.030895580758701604 0.05081495685522531
1 0.2665232694563942 0.40532118887823587 0.03167774736018772 0.048418024928092045
1 0.29155260070394995 0.40508149568552254 0.03167774736018772 0.04985618408437201
1 0.3048494329292139 0.4055608820709492 0.030895580758701604 0.05081495685522531
1 0.31697301525224875 0.4031639501438159 0.030113414157215485 0.04985618408437201
1 0.32987876417676965 0.40436241610738255 0.030895580758701604 0.050335570469798654
1 0.6445052796245601 0.4084372003835091 0.032850997262416894 0.04985618408437201
1 0.6722721939773172 0.41083413231064236 0.032068830660930775 0.052732502396931925
1 0.6990614000782167 0.41227229146692235 0.030895580758701604 0.0488974113135187
1 0.37837309346890885 0.5160594439117929 0.021509581540868204 0.030201342281879196
1 0.19710598357450138 0.511744966442953 0.02033633163863903 0.030201342281879196
1 0.21059835745013689 0.5107861936720998 0.02072741493938209 0.030201342281879196
1 0.3030895580758702 0.5093480345158198 0.021900664841611264 0.030201342281879196
1 0.2235041063746578 0.5112655800575263 0.022291748142354323 0.030201342281879196
1 0.3396558466953461 0.5153403643336529 0.01994524833789597 0.029721955896452542
1 0.3529526789206101 0.5153403643336529 0.01994524833789597 0.028763183125599234
1 0.39225655064528747 0.5158197507190796 0.021900664841611264 0.031639501438159155
1 0.6845913179507235 0.41059443911792903 0.030895580758701604 0.04937679769894535
1 0.4329292139225655 0.513183125599233 0.02268283144309738 0.0311601150527325
1 0.446421587798201 0.513902205177373 0.02072741493938209 0.030680728667305847
1 0.45795854517012125 0.5148609779482263 0.02033633163863903 0.029721955896452542
1 0.4712553773953852 0.5155800575263663 0.02111849824012515 0.030201342281879196
1 0.48631208447399293 0.512464046021093 0.021509581540868204 0.029721955896452542
1 0.5107547907704341 0.5174976030680729 0.02111849824012515 0.030201342281879196
1 0.18420023464998045 0.5098274209012464 0.02033633163863903 0.0311601150527325
1 0.1685569026202581 0.513902205177373 0.02111849824012515 0.030680728667305847
1 0.15760657019945248 0.5110258868648131 0.02111849824012515 0.030680728667305847
1 0.14528744622604614 0.5098274209012464 0.02072741493938209 0.0311601150527325
1 0.13179507235041063 0.5098274209012464 0.021900664841611264 0.0311601150527325
1 0.11712944857254595 0.5127037392138063 0.022291748142354323 0.0311601150527325
1 0.10305044974579586 0.512464046021093 0.021509581540868204 0.030680728667305847
1 0.09014470082127493 0.5103068072866731 0.02072741493938209 0.029242569511025888
1 0.8154086820492765 0.41083413231064236 0.030504497457958545 0.04985618408437201
1 0.802307391474384 0.40963566634707577 0.030113414157215485 0.048418024928092045
1 0.7890105592491201 0.4089165867689358 0.030895580758701604 0.0488974113135187
1 0.7755181853734846 0.4091562799616491 0.03128666405944466 0.050335570469798654
1 0.7628079780993352 0.40963566634707577 0.030895580758701604 0.048418024928092045
1 0.7504888541259288 0.4110738255033557 0.030504497457958545 0.050335570469798654
1 0.7356276886976926 0.40867689357622244 0.02972233085647243 0.048418024928092045
1 0.7268283144309738 0.4163470757430489 0.030895580758701604 0.05129434324065196
1 0.7098161908486508 0.40795781399808245 0.030504497457958545 0.04985618408437201
1 0.7598748533437623 0.3523489932885906 0.02972233085647243 0.04697986577181208
1 0.748337895971842 0.35618408437200383 0.030113414157215485 0.04793863854266539
1 0.7360187719984357 0.35786193672099714 0.02972233085647243 0.04650047938638543
1 0.6020727414939382 0.23250239693192715 0.030895580758701604 0.04697986577181208
1 0.46734454438795464 0.2159635666347076 0.03128666405944466 0.04937679769894535
1 0.4788815017598749 0.2188398849472675 0.030895580758701604 0.048418024928092045
1 0.4898318341806805 0.22123681687440078 0.030113414157215485 0.048418024928092045
1 0.5017598748533437 0.22483221476510068 0.030504497457958545 0.04793863854266539
1 0.5271802894016425 0.22483221476510068 0.03128666405944466 0.04793863854266539
1 0.5526007039499413 0.22579098753595397 0.03128666405944466 0.04793863854266539
1 0.654477903793508 0.23298178331735378 0.030895580758701604 0.04793863854266539
1 0.8032850997262417 0.25071907957814 0.032068830660930775 0.05081495685522531
1 0.6671881110676574 0.23657718120805368 0.030504497457958545 0.04937679769894535
1 0.691044192412984 0.2384947267497603 0.032068830660930775 0.047459252157238736
1 0.7174423152131404 0.23945349952061362 0.030895580758701604 0.050335570469798654
1 0.7422761048103246 0.24232981783317353 0.032068830660930775 0.05129434324065196
1 0.7680876026593665 0.24352828379674019 0.032850997262416894 0.04985618408437201
1 0.7811888932342589 0.24304889741131352 0.030895580758701604 0.05081495685522531
1 0.4301916308173641 0.212607861936721 0.032068830660930775 0.04937679769894535
1 0.4039890496675792 0.21188878235858102 0.02972233085647243 0.0488974113135187
1 0.39010559249120064 0.2135666347075743 0.02933124755572937 0.050335570469798654
1 0.37739538521705124 0.21284755512943432 0.02972233085647243 0.04793863854266539
1 0.36468517794290184 0.212607861936721 0.028549080954243255 0.048418024928092045
1 0.35001955416503716 0.21572387344199426 0.030504497457958545 0.04985618408437201
1 0.3310520140789988 0.225071907957814 0.028549080954243255 0.047459252157238736
1 0.32440359796636686 0.21284755512943432 0.03167774736018772 0.05081495685522531
1 0.31110676574110285 0.21212847555129435 0.030113414157215485 0.04937679769894535
1 0.29898318341806807 0.21212847555129435 0.030113414157215485 0.050335570469798654
1 0.2710207274149394 0.21548418024928093 0.030504497457958545 0.050335570469798654
1 0.2596793116933907 0.21116970278044103 0.030504497457958545 0.04937679769894535
1 0.2456003128666406 0.21045062320230107 0.02972233085647243 0.0488974113135187
1 0.23191239734063354 0.21212847555129435 0.02972233085647243 0.050335570469798654
1 0.2186155651153696 0.21236816874400766 0.030504497457958545 0.05081495685522531
1 0.20629644114196324 0.2116490891658677 0.030113414157215485 0.050335570469798654
1 0.19515056707078607 0.20829338446788112 0.028157997653500196 0.04650047938638543
1 0.7954634337113805 0.24137104506232024 0.02894016425498631 0.04650047938638543
1 0.8167774736018772 0.2509587727708533 0.03167774736018772 0.05129434324065196
1 0.7231130230739148 0.35786193672099714 0.02972233085647243 0.047459252157238736
1 0.4872897927258506 0.3547459252157239 0.02972233085647243 0.04793863854266539
1 0.3947985921001173 0.35210930009587726 0.03167774736018772 0.050335570469798654
1 0.4188502150958154 0.34827420901246403 0.032068830660930775 0.05129434324065196
1 0.4337113805240516 0.35210930009587726 0.03128666405944466 0.05129434324065196
1 0.4458349628470864 0.349712368168744 0.032068830660930775 0.050335570469798654
1 0.4591317950723504 0.35115052732502394 0.032850997262416894 0.05225311601150527
1 0.4745795854517012 0.35450623202301057 0.02933124755572937 0.047459252157238736
1 0.5254204145482988 0.3530680728667306 0.030113414157215485 0.047459252157238736
1 0.8427845131012905 0.25119846596356665 0.032068830660930775 0.053691275167785234
1 0.5786077434493547 0.35570469798657717 0.027766914352757136 0.04314477468839885
1 0.631208447399296 0.35642377756471716 0.02659366445052796 0.0436241610738255
1 0.6705123191239734 0.35642377756471716 0.030113414157215485 0.04937679769894535
1 0.6853734845522096 0.35930009587727707 0.030113414157215485 0.048418024928092045
1 0.6974970668752444 0.3576222435282838 0.02933124755572937 0.04793863854266539
1 0.7111849824012515 0.3583413231064238 0.028549080954243255 0.04554170661553212
1 0.38345717637856863 0.35546500479386384 0.030895580758701604 0.05129434324065196
1 0.3697692608525616 0.3530680728667306 0.03167774736018772 0.05129434324065196
1 0.3564724286272976 0.3537871524448706 0.03245991396167384 0.05081495685522531
1 0.32987876417676965 0.3513902205177373 0.030895580758701604 0.05081495685522531
1 0.31697301525224875 0.35210930009587726 0.03167774736018772 0.05129434324065196
1 0.3040672663277278 0.3525886864813039 0.030895580758701604 0.04937679769894535
1 0.29096597575283534 0.3537871524448706 0.03128666405944466 0.0488974113135187
1 0.2776691435275714 0.3525886864813039 0.03128666405944466 0.048418024928092045
1 0.2651544779037935 0.3525886864813039 0.03128666405944466 0.050335570469798654
1 0.2504888541259288 0.35067114093959734 0.03245991396167384 0.05129434324065196
1 0.22467735627688698 0.3501917545541707 0.03167774736018772 0.05129434324065196
1 0.211380524051623 0.3501917545541707 0.03245991396167384 0.050335570469798654
1 0.19847477512710207 0.3501917545541707 0.03245991396167384 0.05129434324065196
1 0.8946030504497458 0.2545541706615532 0.030113414157215485 0.04985618408437201
1 0.8801329683222526 0.2564717162032598 0.030895580758701604 0.05177372962607862
1 0.8693781775518186 0.2509587727708533 0.030504497457958545 0.05129434324065196
1 0.8554947203754399 0.2528763183125599 0.03167774736018772 0.05321188878235858
1 0.5490809542432538 0.5177372962607862 0.021900664841611264 0.029721955896452542
1 0.5770434102463825 0.5174976030680729 0.02072741493938209 0.030201342281879196
2 0.023856081345326553 0.16059443911792906 0.009385999217833398 0.013422818791946308
2 0.5101681658193196 0.7785234899328859 0.009777082518576457 0.023010546500479387
2 0.39362534219788814 0.6860019175455417 0.008212749315604223 0.02109300095877277
2 0.4120062573328119 0.7130872483221476 0.010559249120062574 0.02348993288590604
2 0.44955025420414546 0.7114093959731543 0.008212749315604223 0.02205177372962608
2 0.4591317950723504 0.6874400767018217 0.007821666014861166 0.020134228187919462
2 0.5160344153304653 0.6898370086289549 0.008212749315604223 0.02109300095877277
2 0.3854125928822839 0.8523489932885906 0.00899491591709034 0.023010546500479387
1 0.43605788032850995 0.9225790987535955 0.009385999217833398 0.0311601150527325
2 0.3261634728197106 0.713326941514861 0.007039499413375049 0.020134228187919462
1 0.45893625342197886 0.9216203259827421 0.010559249120062574 0.030201342281879196
1 0.4710598357450137 0.9220997123681688 0.009777082518576457 0.030201342281879196
2 0.4994133750488854 0.9280920421860019 0.008603832616347283 0.020134228187919462
2 0.8947985921001174 0.04194630872483222 0.01564333202972233 0.018696069031639503
1 0.913179507235041 0.288111217641419 0.03519749706687524 0.013422818791946308
1 0.9122017989831834 0.3051294343240652 0.03480641376613219 0.01102588686481304
2 0.3797418850215096 0.7135666347075743 0.008603832616347283 0.020613614573346116
2 0.32733672272193975 0.6898370086289549 0.007821666014861166 0.02109300095877277
1 0.590926867422761 0.5160594439117929 0.02111849824012515 0.030201342281879196
1 0.21372702385608133 0.6644295302013423 0.039499413375048885 0.013422818791946308
2 0.13922565506452875 0.04793863854266539 0.017207665232694565 0.010546500479386385
2 0.1362925303089558 0.06040268456375839 0.016034415330465387 0.010546500479386385
1 0.12397340633554947 0.25 0.04067266327727806 0.01102588686481304
1 0.1087211576065702 0.2778044103547459 0.03910833007430583 0.011984659635666348
1 0.10089949159170904 0.29218600191754557 0.03910833007430583 0.01102588686481304
1 0.09346890887759093 0.3053691275167785 0.03989049667579194 0.011505273250239693
1 0.21196714900273758 0.6881591562799616 0.016425498631208447 0.030201342281879196
2 0.2892061008994916 0.7123681687440077 0.00664841611263199 0.023010546500479387
1 0.023073914743840438 0.6991850431447747 0.02268283144309738 0.0311601150527325
1 0.048494329292139225 0.725790987535954 0.021900664841611264 0.030680728667305847
1 0.07293703558858036 0.7531160115052733 0.023856081345326553 0.029721955896452542
1 0.08271411810715683 0.7629434324065196 0.022291748142354323 0.029242569511025888
1 0.09131795072350411 0.7737296260786194 0.022291748142354323 0.030680728667305847
1 0.14235432147047322 0.7842761265580057 0.024247164646069613 0.031639501438159155
1 0.9141572154868987 0.31783317353787155 0.03402424716464607 0.010546500479386385
1 0.9143527571372703 0.33149568552253117 0.03597966366836136 0.010067114093959731
1 0.9139616738365272 0.34467881112176413 0.03519749706687524 0.011505273250239693
2 0.9088775909268674 0.9280920421860019 0.02033633163863903 0.010546500479386385
1 0.9082909659757529 0.8104026845637584 0.038717246773562766 0.013902205177372963
1 0.909073132577239 0.8283796740172579 0.037152913570590536 0.013422818791946308
1 0.906140007821666 0.8449185043144775 0.03597966366836136 0.01102588686481304
1 0.9010559249120063 0.8664908916586769 0.03910833007430583 0.011984659635666348
1 0.9049667579194368 0.8832694151486098 0.03676183026984748 0.011984659635666348
1 0.9026202581149785 0.9168264621284755 0.04145482987876418 0.014860977948226271
2 0.8709425107547908 0.9199424736337488 0.016425498631208447 0.00862895493767977
1 0.9153304653891279 0.3573825503355705 0.03402424716464607 0.012943432406519654
1 0.8523660539694955 0.9338446788111218 0.04341024638247947 0.013422818791946308
2 0.6752053187328901 0.8482742090124641 0.007430582714118107 0.018696069031639503
2 0.8294876808760266 0.7190795781399808 0.010950332420805632 0.02109300095877277
2 0.6722721939773172 0.7013422818791947 0.007039499413375049 0.01821668264621285
2 0.11830269847477513 0.8147171620325983 0.016816581931951506 0.019654841802492808
2 0.02522487289792726 0.17305848513902206 0.01134141572154869 0.015340364333652923
1 0.9080954243253813 0.7917066155321189 0.04067266327727806 0.015819750719079578
1 0.9106374657802112 0.7770853307766059 0.039499413375048885 0.01725790987535954
1 0.9114196323816973 0.7612655800575263 0.039499413375048885 0.016299137104506232
1 0.912788423934298 0.74712368168744 0.03989049667579194 0.015819750719079578
1 0.9166992569417286 0.5790987535953979 0.025811497849041846 0.012464046021093002
1 0.9163081736409855 0.550575263662512 0.03128666405944466 0.011984659635666348
1 0.9153304653891279 0.535953978906999 0.030895580758701604 0.011505273250239693
1 0.915721548689871 0.5215723873441994 0.03167774736018772 0.013422818791946308
1 0.9147438404380133 0.49328859060402686 0.032068830660930775 0.012464046021093002
1 0.9143527571372703 0.4654841802492809 0.032850997262416894 0.010546500479386385
1 0.9141572154868987 0.45254074784276127 0.033242080563159956 0.011505273250239693
1 0.9139616738365272 0.439117929050815 0.032850997262416894 0.011505273250239693
1 0.913179507235041 0.42593480345158197 0.03363316386390301 0.011984659635666348
1 0.9118107156824403 0.4125119846596357 0.03402424716464607 0.01102588686481304
1 0.9141572154868987 0.3983700862895494 0.03402424716464607 0.011505273250239693
1 0.9139616738365272 0.3854266538830297 0.03676183026984748 0.012464046021093002
1 0.9122017989831834 0.3717641418983701 0.035588580367618305 0.01102588686481304
1 0.8179507235041064 0.5592042186001918 0.022291748142354323 0.0311601150527325
1 0.805240516229957 0.5570469798657718 0.021900664841611264 0.032598274209012464
1 0.791943684004693 0.5575263662511984 0.02111849824012515 0.032598274209012464
1 0.16425498631208446 0.548418024928092 0.02033633163863903 0.031639501438159155
1 0.08369182635901447 0.5486577181208053 0.021900664841611264 0.0311601150527325
1 0.09640203363316387 0.549137104506232 0.021509581540868204 0.03211888782358581
1 0.10696128275322643 0.5556088207094918 0.022291748142354323 0.031639501438159155
1 0.12338678138443489 0.5486577181208053 0.02072741493938209 0.0311601150527325
1 0.13433711380524052 0.5532118887823586 0.02072741493938209 0.030680728667305847
1 0.14998044583496284 0.5500958772770853 0.02072741493938209 0.0311601150527325
1 0.17559640203363316 0.552013422818792 0.02111849824012515 0.0311601150527325
1 0.2809933515838874 0.5522531160115053 0.01994524833789597 0.030680728667305847
1 0.18908877590926867 0.551294343240652 0.021509581540868204 0.030680728667305847
1 0.2027766914352757 0.550575263662512 0.021509581540868204 0.03211888782358581
1 0.21392256550645286 0.5541706615532119 0.02111849824012515 0.032598274209012464
1 0.22565506452874462 0.5560882070949185 0.021900664841611264 0.031639501438159155
1 0.23973406335549471 0.5546500479386386 0.02111849824012515 0.031639501438159155
1 0.2538130621822448 0.5524928092042186 0.02111849824012515 0.030201342281879196
1 0.06628861947594837 0.5565675934803451 0.022291748142354323 0.031639501438159155
1 0.8253813062182245 0.5218120805369127 0.02072741493938209 0.029242569511025888
1 0.8126710989440751 0.5189357622243528 0.02111849824012515 0.030201342281879196
1 0.7987876417676966 0.5201342281879194 0.021509581540868204 0.030680728667305847
1 0.7870551427454048 0.5189357622243528 0.01994524833789597 0.030201342281879196
1 0.7733672272193978 0.5203739213806328 0.02072741493938209 0.029242569511025888
1 0.7602659366445053 0.5196548418024928 0.02111849824012515 0.029721955896452542
1 0.7473601877199844 0.5189357622243528 0.02033633163863903 0.030201342281879196
1 0.7332811888932342 0.5203739213806328 0.02111849824012515 0.030201342281879196
1 0.720962064919828 0.5186960690316395 0.021509581540868204 0.031639501438159155
1 0.7072741493938209 0.5210930009587728 0.02072741493938209 0.030680728667305847
1 0.6953461087211577 0.5182166826462129 0.021900664841611264 0.031639501438159155
1 0.6804849432929214 0.5194151486097794 0.021900664841611264 0.0311601150527325
1 0.6409855299178725 0.5198945349952061 0.02111849824012515 0.030201342281879196
1 0.6276886976926085 0.5203739213806328 0.02033633163863903 0.030201342281879196
1 0.6147829487680876 0.5191754554170661 0.02033633163863903 0.029721955896452542
1 0.6024638247946813 0.5184563758389261 0.021509581540868204 0.030201342281879196
1 0.26789206100899493 0.5517737296260786 0.02033633163863903 0.031639501438159155
1 0.29409464215877984 0.5522531160115053 0.02033633163863903 0.031639501438159155
1 0.779037935080172 0.5568072866730585 0.02033633163863903 0.030201342281879196
1 0.6750097770825185 0.5548897411313519 0.02111849824012515 0.030201342281879196
1 0.5819319515056707 0.5548897411313519 0.02111849824012515 0.030201342281879196
1 0.5946421587798201 0.5563279002876318 0.02072741493938209 0.0311601150527325
1 0.6087211576065702 0.5548897411313519 0.02072741493938209 0.0311601150527325
1 0.6220179898318342 0.5556088207094918 0.02072741493938209 0.030680728667305847
1 0.6482205709816191 0.5556088207094918 0.021509581540868204 0.031639501438159155
1 0.6591709034024247 0.5601629913710451 0.021509581540868204 0.03211888782358581
1 0.6863511928040673 0.5606423777564717 0.021900664841611264 0.030201342281879196
1 0.3066093077825577 0.5524928092042186 0.019554165037152915 0.030201342281879196
1 0.7002346499804458 0.5587248322147651 0.021509581540868204 0.0311601150527325
1 0.7127493156042237 0.5575263662511984 0.021509581540868204 0.031639501438159155
1 0.7264372311302307 0.5572866730584851 0.02072741493938209 0.0311601150527325
1 0.7401251466562377 0.5568072866730585 0.021509581540868204 0.030201342281879196
1 0.7514665623777864 0.5580057526366251 0.02072741493938209 0.030680728667305847
1 0.7651544779037935 0.5582454458293384 0.02072741493938209 0.030201342281879196
1 0.5688306609307783 0.5560882070949185 0.021509581540868204 0.031639501438159155
1 0.5563159953070004 0.5539309683604986 0.02072741493938209 0.0311601150527325
1 0.5428236214313649 0.5560882070949185 0.02033633163863903 0.030680728667305847
1 0.5287446226046147 0.5570469798657718 0.021900664841611264 0.030680728667305847
1 0.5154477903793508 0.5565675934803451 0.02033633163863903 0.030680728667305847
1 0.502933124755573 0.5551294343240653 0.02033633163863903 0.030680728667305847
1 0.48944075087993744 0.5553691275167785 0.02072741493938209 0.0311601150527325
1 0.47555729370355887 0.5572866730584851 0.021900664841611264 0.03211888782358581
1 0.4624560031286664 0.5551294343240653 0.02072741493938209 0.030680728667305847
1 0.449745795854517 0.5548897411313519 0.02111849824012515 0.0311601150527325
1 0.4374266718811107 0.5534515819750719 0.021509581540868204 0.0311601150527325
1 0.4116151740320688 0.5536912751677853 0.02072741493938209 0.029721955896452542
1 0.3979272585060618 0.5548897411313519 0.02072741493938209 0.030201342281879196
1 0.38580367618302697 0.5522531160115053 0.02072741493938209 0.030680728667305847
1 0.37231130230739146 0.5536912751677853 0.02111849824012515 0.029721955896452542
1 0.359210011732499 0.550575263662512 0.01994524833789597 0.0311601150527325
1 0.31775518185373486 0.5558485139022051 0.021509581540868204 0.030201342281879196
1 0.18028940164254986 0.2109300095877277 0.03128666405944466 0.04985618408437201
