3 0.612220447284345 0.5299618981641843 0.06309904153354633 0.005542085209560097
4 0.48003194888178913 0.5338586768271563 0.3258785942492013 0.004329754069968826
3 0.5615015974440895 0.44925528229996536 0.052715654952076675 0.004502944232767579
3 0.8119009584664537 0.28775545549012815 0.08386581469648563 0.00744717700034638
3 0.8266773162939297 0.28108763422237615 0.054313099041533544 0.005195704883962591
3 0.7943290734824281 0.15361967440249394 0.018370607028753993 0.00796674748874264
4 0.393370607028754 0.6780394873571182 0.28833865814696485 0.011084170419120194
4 0.420926517571885 0.6415829580879806 0.268370607028754 0.0067544163491513685
4 0.4956070287539936 0.5026844475233807 0.3266773162939297 0.004676134395566332
3 0.6098242811501597 0.5383616210599238 0.08865814696485623 0.005368895046761344
4 0.4768370607028754 0.4521129199861448 0.25559105431309903 0.006408036023553862
4 0.5722843450479234 0.38664703844821613 0.3698083067092652 0.0050225147211638375
4 0.6373801916932907 0.33607551091098026 0.3274760383386581 0.026498094908209213
4 0.6573482428115016 0.3178905438171112 0.3274760383386581 0.02060962937305161
4 0.6908945686900958 0.2770176653966055 0.31150159744408945 0.02060962937305161
4 0.737220447284345 0.22627294769657083 0.22523961661341854 0.011257360581918946
3 0.5343450479233227 0.529442327675788 0.05750798722044728 0.0048493245583650845
3 0.5251597444089456 0.646259092483547 0.04552715654952077 0.004329754069968826
3 0.5019968051118211 0.6763941808105299 0.07747603833865814 0.0050225147211638375
3 0.48921725239616615 0.6860062348458608 0.09185303514376997 0.009352268791132663
4 0.36501597444089456 0.7090405264980949 0.23162939297124602 0.005542085209560097
3 0.4584664536741214 0.7142362313820575 0.07348242811501597 0.006927606511950121
4 0.3761980830670926 0.7365777623830967 0.2971246006389776 0.004502944232767579
3 0.3777955271565495 0.7395219951506754 0.03354632587859425 0.0034638032559750607
3 0.47324281150159747 0.7424662279182542 0.11261980830670927 0.00796674748874264
4 0.33426517571884984 0.7718219605126428 0.30431309904153353 0.006408036023553862
3 0.45766773162939295 0.7772774506408036 0.052715654952076675 0.005195704883962591
3 0.6202076677316294 0.771388985105646 0.04552715654952077 0.013855213023900243
4 0.36062300319488816 0.8572913058538275 0.21964856230031948 0.0038101835815725666
3 0.4500798722044728 0.8534811222722549 0.04233226837060703 0.004156563907170073
4 0.36381789137380194 0.9275199168687218 0.2388178913738019 0.013682022861101489
3 0.4512779552715655 0.9198129546241773 0.038338658146964855 0.0048493245583650845
4 0.454073482428115 0.5556806373397991 0.2723642172523962 0.007100796674748874
4 0.7092651757188498 0.15881537928645653 0.20926517571884984 0.0034638032559750607
