0 0.7278709677419355 0.4441112322791712 0.03483870967741935 0.021264994547437296
1 0.8930322580645161 0.6191384950926936 0.012129032258064516 0.005634314794620138
1 0.820516129032258 0.7599054889131225 0.008 0.008360596146855689
1 0.7460645161290322 0.7754452926208651 0.012903225806451613 0.0059978189749182115
2 0.16412903225806452 0.3024354780079971 0.004129032258064516 0.0036350418029807343
2 0.1655483870967742 0.3099781897491821 0.004387096774193549 0.0027262813522355507
2 0.18580645161290324 0.015539803707742638 0.003096774193548387 0.0034532897128316978
2 0.19032258064516128 0.01663031624863686 0.0033548387096774194 0.0034532897128316978
2 0.1696774193548387 0.042166484914576516 0.004903225806451613 0.0036350418029807343
2 0.1918709677419355 0.023446019629225736 0.005419354838709678 0.002544529262086514
2 0.20103225806451613 0.026172300981461286 0.00464516129032258 0.002544529262086514
2 0.21070967741935484 0.02917121046892039 0.005419354838709678 0.0027262813522355507
2 0.1801290322580645 0.02390039985459833 0.0036129032258064514 0.0034532897128316978
2 0.1824516129032258 0.024627408215194473 0.0036129032258064514 0.0034532897128316978
2 0.18374193548387097 0.02699018538713195 0.003096774193548387 0.0030897855325336242
2 0.24116129032258066 0.020719738276990186 0.005419354838709678 0.0029080334423845873
2 0.24387096774193548 0.017448200654307525 0.005161290322580645 0.0029080334423845873
2 0.22103225806451612 0.05316248636859324 0.003870967741935484 0.003816793893129771
2 0.1647741935483871 0.05452562704471101 0.003870967741935484 0.0036350418029807343
2 0.15845161290322582 0.060432569974554706 0.0036129032258064514 0.0030897855325336242
2 0.1624516129032258 0.053616866593965834 0.0033548387096774194 0.0029080334423845873
2 0.204 0.06506724827335514 0.002838709677419355 0.003271537622682661
2 0.20619354838709678 0.06579425663395129 0.003096774193548387 0.0029080334423845873
2 0.21251612903225806 0.06697564521992003 0.0033548387096774194 0.0027262813522355507
2 0.23148387096774192 0.1871137768084333 0.003096774193548387 0.0030897855325336242
1 0.867225806451613 0.6623046165030898 0.010580645161290323 0.005089058524173028
1 0.7163870967741935 0.40921483097055616 0.006709677419354839 0.004180298073427844
2 0.2447741935483871 0.19574700109051255 0.0033548387096774194 0.003271537622682661
1 0.9181935483870968 0.2218284260268993 0.004129032258064516 0.0045438022537259174
0 0.19961290322580647 0.774900036350418 0.04670967741935484 0.029625590694292984
0 0.22890322580645162 0.7267357324609233 0.04593548387096774 0.030352599054889132
0 0.26206451612903225 0.6971101417666303 0.04670967741935484 0.033987640857869865
0 0.4063225806451613 0.7377317339149401 0.03380645161290322 0.026172300981461286
0 0.36929032258064515 0.8309705561613958 0.03974193548387097 0.027989821882951654
0 0.5859354838709677 0.613776808433297 0.04825806451612903 0.029807342784442022
0 0.7738064516129032 0.4114867320974191 0.04825806451612903 0.031261359505634315
0 0.8369032258064516 0.34242093784078514 0.04541935483870968 0.029080334423845874
0 0.8510967741935483 0.3178844056706652 0.04645161290322581 0.030170846964740095
0 0.6540645161290323 0.3088876772082879 0.03587096774193548 0.029989094874591057
0 0.7378064516129033 0.20365321701199562 0.03974193548387097 0.027808069792802616
0 0.7655483870967742 0.1529443838604144 0.03948387096774193 0.027444565612504544
0 0.5219354838709678 0.2218284260268993 0.04670967741935484 0.029989094874591057
0 0.7620645161290323 0.7579970919665576 0.04490322580645161 0.028898582333696837
0 0.8198709677419355 0.690385314431116 0.029419354838709676 0.018356961105052708
0 0.8487741935483871 0.6423118865866958 0.02993548387096774 0.018538713195201745
0 0.8771612903225806 0.5943293347873501 0.030451612903225806 0.023264267539076698
0 0.704 0.6975645219920029 0.04748387096774193 0.029807342784442022
1 0.9255483870967742 0.23146128680479824 0.011096774193548388 0.004180298073427844
1 0.928258064516129 0.22410032715376227 0.006193548387096774 0.0061795710650672485
1 0.9243870967741935 0.22273718647764448 0.006193548387096774 0.006361323155216285
1 0.9107096774193548 0.2217375499818248 0.004129032258064516 0.0058160668847691745
1 0.9140645161290323 0.22264631043256997 0.004129032258064516 0.0054525627044711015
2 0.23690322580645162 0.19074881861141404 0.00464516129032258 0.0034532897128316978
2 0.24193548387096775 0.19474736459469283 0.002838709677419355 0.0030897855325336242
0 0.9143225806451613 0.5039076699382042 0.04232258064516129 0.029989094874591057
2 0.3870967741935484 0.3456015994183933 0.003096774193548387 0.0034532897128316978
2 0.3843870967741935 0.393765903307888 0.003870967741935484 0.0034532897128316978
2 0.3783225806451613 0.35705198109778263 0.003096774193548387 0.0027262813522355507
2 0.37651612903225806 0.3346055979643766 0.003096774193548387 0.002544529262086514
2 0.38567741935483874 0.38240639767357326 0.0033548387096774194 0.0036350418029807343
2 0.3785806451612903 0.3885859687386405 0.0025806451612903226 0.002544529262086514
2 0.27225806451612905 0.549618320610687 0.00464516129032258 0.0036350418029807343
2 0.14129032258064517 0.6287713558705925 0.004903225806451613 0.0027262813522355507
1 0.22425806451612904 0.6865685205379862 0.005161290322580645 0.0034532897128316978
1 0.22683870967741934 0.6848418756815703 0.005161290322580645 0.003271537622682661
1 0.22864516129032258 0.6832969829153035 0.005161290322580645 0.0030897855325336242
1 0.25109677419354837 0.6713013449654671 0.00464516129032258 0.0045438022537259174
1 0.2541935483870968 0.6702108324245729 0.00567741935483871 0.004907306434023991
1 0.2601290322580645 0.6683933115230826 0.005161290322580645 0.0045438022537259174
1 0.2903225806451613 0.6626681206833879 0.003096774193548387 0.005089058524173028
1 0.4112258064516129 0.69810977826245 0.005419354838709678 0.004725554343874954
1 0.5834838709677419 0.5433478735005453 0.006193548387096774 0.0027262813522355507
1 0.5841290322580646 0.5411668484187568 0.007483870967741935 0.0034532897128316978
1 0.5854193548387097 0.539076699382043 0.008 0.0036350418029807343
1 0.5427096774193548 0.6704834605597965 0.00929032258064516 0.0021810250817884407
1 0.5429677419354839 0.6971101417666303 0.0025806451612903226 0.004180298073427844
2 0.27561290322580645 0.272446383133406 0.0036129032258064514 0.0036350418029807343
2 0.2852903225806452 0.2774445656125045 0.003870967741935484 0.0034532897128316978
2 0.28361290322580646 0.2712649945474373 0.003096774193548387 0.003816793893129771
2 0.3824516129032258 0.35768811341330425 0.002064516129032258 0.002544529262086514
2 0.38787096774193547 0.3619592875318066 0.0025806451612903226 0.0030897855325336242
1 0.3696774193548387 0.3491457651762995 0.0033548387096774194 0.005089058524173028
2 0.38748387096774195 0.35723373318793167 0.002838709677419355 0.0027262813522355507
2 0.16219354838709676 0.3059796437659033 0.004387096774193549 0.0030897855325336242
2 0.11174193548387097 0.33587786259541985 0.00464516129032258 0.002544529262086514
2 0.12516129032258064 0.3351508542348237 0.00567741935483871 0.0029080334423845873
2 0.1007741935483871 0.34151217739004 0.003870967741935484 0.0018175209014903672
2 0.10541935483870968 0.34033078880407125 0.004903225806451613 0.002362777171937477
2 0.08219354838709678 0.284714649218466 0.004387096774193549 0.0034532897128316978
2 0.08890322580645162 0.2861686659396583 0.0033548387096774194 0.0034532897128316978
2 0.013548387096774193 0.3351508542348237 0.005419354838709678 0.002544529262086514
2 0.03032258064516129 0.3293347873500545 0.005935483870967742 0.0018175209014903672
2 0.07225806451612904 0.30416212286441296 0.0036129032258064514 0.0030897855325336242
2 0.32167741935483873 0.4905488913122501 0.003870967741935484 0.0036350418029807343
2 0.27703225806451615 0.541893856779353 0.004387096774193549 0.0034532897128316978
2 0.2903225806451613 0.5458924027626317 0.004129032258064516 0.0034532897128316978
2 0.28193548387096773 0.5463467829880043 0.004903225806451613 0.003998545983278807
2 0.26129032258064516 0.5587059251181389 0.004903225806451613 0.0036350418029807343
2 0.2046451612903226 0.5778807706288622 0.005161290322580645 0.0027262813522355507
2 0.23741935483870968 0.5713376953834969 0.005161290322580645 0.0027262813522355507
1 0.05070967741935484 0.4927299163940385 0.0033548387096774194 0.004725554343874954
2 0.059225806451612906 0.4759178480552526 0.00232258064516129 0.0034532897128316978
2 0.05806451612903226 0.4838240639767357 0.0025806451612903226 0.0036350418029807343
1 0.37148387096774194 0.3544165757906216 0.002838709677419355 0.003271537622682661
2 0.29974193548387096 0.32251908396946566 0.004387096774193549 0.0030897855325336242
2 0.3873548387096774 0.3774990912395493 0.003096774193548387 0.003271537622682661
0 0.1863225806451613 0.8003453289712832 0.04696774193548387 0.029625590694292984
