2 0.27537983425414364 0.6919597989949748 0.014848066298342542 0.020100502512562814
1 0.41609116022099446 0.3743718592964824 0.06284530386740332 0.02512562814070352
1 0.5338397790055248 0.5100502512562815 0.04074585635359116 0.04522613065326633
1 0.5157113259668509 0.5120603015075377 0.05835635359116022 0.06030150753768844
1 0.5117403314917127 0.5268844221105528 0.05939226519337017 0.06080402010050251
1 0.5043162983425414 0.5394472361809045 0.05490331491712707 0.05879396984924623
1 0.499482044198895 0.5517587939698493 0.05904696132596685 0.062311557788944726
1 0.4891229281767956 0.578894472361809 0.06111878453038674 0.06331658291457286
1 0.48359806629834257 0.5919597989949749 0.05973756906077348 0.06331658291457286
1 0.4865331491712707 0.6128140703517588 0.04350828729281768 0.0457286432160804
1 0.4711671270718232 0.6178391959798994 0.05766574585635359 0.05879396984924623
1 0.4671961325966851 0.6319095477386935 0.057320441988950276 0.05979899497487437
2 0.3710290055248619 0.5201005025125628 0.014157458563535912 0.017085427135678392
2 0.35894337016574585 0.5364321608040201 0.015538674033149171 0.019597989949748745
2 0.3375345303867403 0.5829145728643216 0.01761049723756906 0.022110552763819097
2 0.33339088397790057 0.5944723618090453 0.01761049723756906 0.021105527638190954
2 0.33390883977900554 0.507537688442211 0.020718232044198894 0.01306532663316583
1 0.3608425414364641 0.4824120603015075 0.06560773480662983 0.023115577889447236
1 0.3734461325966851 0.4638190954773869 0.06319060773480663 0.023115577889447236
1 0.3798342541436464 0.44547738693467337 0.05939226519337017 0.023618090452261306
1 0.39589088397790057 0.42512562814070354 0.06180939226519337 0.02512562814070352
1 0.3981353591160221 0.4077889447236181 0.06077348066298342 0.0185929648241206
1 0.4257596685082873 0.35678391959798994 0.060082872928176795 0.022110552763819097
2 0.20994475138121546 0.6256281407035176 0.024861878453038673 0.031155778894472363
1 0.43767265193370164 0.3128140703517588 0.06388121546961326 0.02763819095477387
1 0.5643991712707183 0.4115577889447236 0.056284530386740333 0.0592964824120603
1 0.5714779005524862 0.39849246231155777 0.055248618784530384 0.05829145728643216
1 0.5858080110497238 0.39597989949748746 0.03970994475138122 0.04321608040201005
1 0.587707182320442 0.3791457286432161 0.04074585635359116 0.0457286432160804
1 0.5923687845303868 0.3658291457286432 0.056284530386740333 0.062311557788944726
1 0.5944406077348067 0.3469849246231156 0.05697513812154696 0.061809045226130656
1 0.601864640883978 0.335678391959799 0.04005524861878453 0.04321608040201005
1 0.6155041436464088 0.32964824120603015 0.03901933701657458 0.04321608040201005
1 0.618957182320442 0.31683417085427135 0.05697513812154696 0.05778894472361809
1 0.6313881215469613 0.29095477386934676 0.05973756906077348 0.06532663316582915
1 0.6306975138121547 0.2723618090452261 0.056284530386740333 0.06030150753768844
1 0.6410566298342542 0.26180904522613063 0.05835635359116022 0.061306532663316586
1 0.6498618784530387 0.24748743718592964 0.057320441988950276 0.05879396984924623
1 0.65521408839779 0.2321608040201005 0.05697513812154696 0.05527638190954774
1 0.6635013812154696 0.21658291457286433 0.05904696132596685 0.054271356783919596
2 0.5694060773480663 0.07663316582914573 0.021408839779005526 0.036683417085427134
2 0.5022444751381215 0.028391959798994976 0.01968232044198895 0.020603015075376884
2 0.5119129834254144 0.03291457286432161 0.02175414364640884 0.02864321608040201
1 0.47064917127071826 0.2706030150753769 0.04281767955801105 0.022613065326633167
2 0.27935082872928174 0.6361809045226131 0.011740331491712707 0.02613065326633166
1 0.30455801104972374 0.6042713567839196 0.022790055248618785 0.09296482412060302
1 0.29609806629834257 0.5404522613065327 0.01830110497237569 0.036683417085427134
1 0.27537983425414364 0.5914572864321608 0.03280386740331492 0.062311557788944726
1 0.27417127071823205 0.41105527638190953 0.060082872928176795 0.04623115577889447
1 0.2857389502762431 0.38241206030150754 0.05973756906077348 0.04120603015075377
1 0.2909185082872928 0.36758793969849246 0.05973756906077348 0.0457286432160804
1 0.29920580110497236 0.3555276381909548 0.06180939226519337 0.04271356783919598
1 0.269164364640884 0.2600502512562814 0.041091160220994474 0.0829145728643216
2 0.2995511049723757 0.21758793969849247 0.012085635359116022 0.021105527638190954
2 0.2819406077348066 0.20100502512562815 0.013466850828729282 0.022110552763819097
1 0.24827348066298344 0.24623115577889448 0.03798342541436464 0.08241206030150754
1 0.24033149171270718 0.23894472361809047 0.0393646408839779 0.08391959798994975
1 0.23031767955801105 0.23492462311557788 0.04074585635359116 0.08391959798994975
1 0.2223756906077348 0.22336683417085426 0.04143646408839779 0.08391959798994975
1 0.18767265193370167 0.21206030150753769 0.0417817679558011 0.0864321608040201
1 0.07441298342541436 0.41381909547738693 0.03211325966850829 0.05778894472361809
1 0.0568024861878453 0.39748743718592966 0.02935082872928177 0.05829145728643216
1 0.050759668508287295 0.385427135678392 0.03314917127071823 0.06030150753768844
1 0.04437154696132597 0.371608040201005 0.03073204419889503 0.05979899497487437
1 0.18560082872928177 0.10427135678391959 0.043162983425414365 0.08090452261306533
2 0.020027624309392266 0.034170854271356785 0.008287292817679558 0.019095477386934675
2 0.024861878453038673 0.052763819095477386 0.018646408839779006 0.036180904522613064
1 0.2683011049723757 0.4243718592964824 0.05870165745856354 0.043718592964824124
1 0.11705801104972376 0.37964824120603013 0.04005524861878453 0.0829145728643216
1 0.09806629834254144 0.44371859296482413 0.026243093922651933 0.04522613065326633
2 0.1797306629834254 0.48894472361809044 0.015538674033149171 0.027135678391959798
2 0.27935082872928174 0.5507537688442211 0.013121546961325966 0.02512562814070352
1 0.2641574585635359 0.5849246231155779 0.020027624309392266 0.036180904522613064
1 0.2567334254143646 0.5736180904522613 0.038328729281767955 0.08492462311557789
1 0.24706491712707182 0.5668341708542713 0.03970994475138122 0.07939698492462312
2 0.224792817679558 0.5582914572864321 0.023480662983425413 0.04020100502512563
2 0.255524861878453 0.5150753768844221 0.013812154696132596 0.021105527638190954
2 0.22910911602209943 0.4904522613065327 0.009323204419889503 0.022110552763819097
1 0.20200276243093923 0.5248743718592965 0.04005524861878453 0.0829145728643216
1 0.1664364640883978 0.48969849246231156 0.04005524861878453 0.0829145728643216
2 0.08598066298342541 0.4402010050251256 0.012430939226519336 0.021105527638190954
1 0.15814917127071823 0.4829145728643216 0.04005524861878453 0.08040201005025126
1 0.14968922651933703 0.47462311557788944 0.03901933701657458 0.08090452261306533
1 0.1403660220994475 0.4635678391959799 0.041091160220994474 0.0829145728643216
1 0.13242403314917128 0.4520100502512563 0.040400552486187846 0.08190954773869347
2 0.11671270718232044 0.4605527638190955 0.021408839779005526 0.035678391959798994
2 0.12966160220994474 0.43040201005025125 0.012776243093922652 0.021608040201005024
1 0.11550414364640885 0.4364321608040201 0.03901933701657458 0.08190954773869347
2 0.11377762430939227 0.4082914572864322 0.014848066298342542 0.02562814070351759
1 0.5590469613259669 0.42512562814070354 0.060082872928176795 0.0592964824120603
1 0.5536947513812155 0.43743718592964825 0.05766574585635359 0.05778894472361809
1 0.5550759668508287 0.4585427135678392 0.041091160220994474 0.0457286432160804
1 0.8553176795580111 0.5346733668341709 0.04212707182320442 0.044221105527638194
1 0.0763121546961326 0.9241206030150754 0.04765193370165746 0.04824120603015075
1 0.07078729281767956 0.9341708542713568 0.04696132596685083 0.04623115577889447
1 0.039191988950276244 0.5753768844221105 0.04661602209944751 0.04321608040201005
1 0.7049378453038674 0.8361809045226131 0.05973756906077348 0.05829145728643216
1 0.7227209944751382 0.7914572864321608 0.05870165745856354 0.05728643216080402
2 0.7292817679558011 0.7595477386934674 0.024861878453038673 0.02964824120603015
1 0.787810773480663 0.6522613065326633 0.06180939226519337 0.053266331658291456
1 0.7971339779005525 0.6253768844221106 0.05766574585635359 0.05778894472361809
1 0.8042127071823204 0.6113065326633166 0.06146408839779006 0.061809045226130656
2 0.7698549723756906 0.6201005025125628 0.014848066298342542 0.018090452261306532
1 0.7216850828729282 0.8316582914572864 0.04005524861878453 0.04321608040201005
1 0.7427486187845304 0.7874371859296483 0.04212707182320442 0.04221105527638191
1 0.7745165745856354 0.713819095477387 0.04281767955801105 0.04170854271356784
1 0.7900552486187845 0.6886934673366835 0.04212707182320442 0.03869346733668342
1 0.792299723756906 0.6723618090452261 0.04523480662983426 0.04321608040201005
1 0.8118093922651933 0.5947236180904523 0.06146408839779006 0.05577889447236181
1 0.8294198895027625 0.5884422110552764 0.04281767955801105 0.04623115577889447
2 0.8125 0.5535175879396985 0.015193370165745856 0.0185929648241206
1 0.8390883977900553 0.5613065326633165 0.062154696132596686 0.061306532663316586
1 0.08857044198895028 0.9173366834170854 0.04730662983425414 0.05075376884422111
2 0.08390883977900553 0.8557788944723618 0.015193370165745856 0.023115577889447236
2 0.11015193370165746 0.7123115577889447 0.018646408839779006 0.033668341708542715
1 0.03470303867403315 0.7462311557788944 0.043853591160220994 0.04723618090452261
1 0.1042817679558011 0.91356783919598 0.03660220994475138 0.04120603015075377
1 0.04765193370165746 0.6932160804020101 0.03729281767955801 0.04170854271356784
1 0.04540745856353591 0.707035175879397 0.03763812154696133 0.04221105527638191
2 0.8851864640883977 0.8605527638190955 0.011395027624309393 0.021608040201005024
2 0.13656767955801105 0.8417085427135679 0.02175414364640884 0.02613065326633166
2 0.300932320441989 0.23944723618090452 0.014848066298342542 0.022613065326633167
2 0.4504488950276243 0.3349246231155779 0.014848066298342542 0.01256281407035176
1 0.08304558011049724 0.6738693467336684 0.009323204419889503 0.04321608040201005
1 0.03194060773480663 0.7597989949748744 0.04730662983425414 0.05226130653266332
2 0.15763121546961326 0.7449748743718593 0.014848066298342542 0.026633165829145728
1 0.04765193370165746 0.7243718592964824 0.054558011049723756 0.05678391959798995
1 0.07855662983425414 0.7321608040201005 0.02106353591160221 0.05226130653266332
1 0.12569060773480664 0.8879396984924623 0.04765193370165746 0.04723618090452261
1 0.12569060773480664 0.8678391959798994 0.04696132596685083 0.04723618090452261
2 0.18007596685082872 0.8148241206030151 0.01691988950276243 0.022613065326633167
2 0.23653314917127072 0.6540201005025126 0.023480662983425413 0.030653266331658293
2 0.1875 0.7743718592964824 0.018646408839779006 0.03015075376884422
2 0.16488259668508287 0.7515075376884423 0.014848066298342542 0.024623115577889446
1 0.8454765193370166 0.5467336683417086 0.06180939226519337 0.0592964824120603
1 0.8530732044198895 0.5115577889447236 0.05835635359116022 0.05829145728643216
1 0.5509323204419889 0.47261306532663316 0.040400552486187846 0.0457286432160804
1 0.8687845303867403 0.49120603015075376 0.025552486187845305 0.02964824120603015
1 0.6878453038674033 0.5434673366834171 0.03867403314917127 0.04472361809045226
1 0.6866367403314917 0.5592964824120603 0.043853591160220994 0.04623115577889447
1 0.6717886740331491 0.564321608040201 0.05904696132596685 0.062311557788944726
1 0.6679903314917127 0.5984924623115578 0.04454419889502762 0.04623115577889447
1 0.6621201657458563 0.6123115577889447 0.041091160220994474 0.043718592964824124
1 0.6519337016574586 0.6190954773869347 0.03867403314917127 0.04321608040201005
1 0.6470994475138122 0.6334170854271357 0.04005524861878453 0.043718592964824124
1 0.6372582872928176 0.642462311557789 0.041091160220994474 0.043718592964824124
1 0.6372582872928176 0.6597989949748744 0.040400552486187846 0.044221105527638194
1 0.6353591160220995 0.6751256281407035 0.04419889502762431 0.0457286432160804
1 0.630524861878453 0.6899497487437186 0.04005524861878453 0.04321608040201005
1 0.6161947513812155 0.6962311557788945 0.0417817679558011 0.04472361809045226
1 0.6134323204419889 0.7113065326633166 0.041091160220994474 0.043718592964824124
1 0.6030732044198895 0.7386934673366834 0.04454419889502762 0.04623115577889447
1 0.5977209944751382 0.7507537688442211 0.04488950276243094 0.04824120603015075
1 0.6080801104972375 0.7796482412060302 0.025552486187845305 0.02964824120603015
1 0.5842541436464088 0.7582914572864322 0.026243093922651933 0.031155778894472363
1 0.5283149171270718 0.4866834170854271 0.05870165745856354 0.05778894472361809
2 0.5267610497237569 0.4663316582914573 0.013466850828729282 0.017085427135678392
1 0.6980317679558011 0.535175879396985 0.0417817679558011 0.04522613065326633
1 0.6919889502762431 0.5103015075376884 0.058011049723756904 0.05879396984924623
1 0.7175414364640884 0.49597989949748744 0.04212707182320442 0.04522613065326633
1 0.7819406077348067 0.3379396984924623 0.03970994475138122 0.043718592964824124
1 0.881042817679558 0.4738693467336683 0.03970994475138122 0.04522613065326633
2 0.8699930939226519 0.4376884422110553 0.015538674033149171 0.019095477386934675
1 0.8934737569060773 0.4391959798994975 0.040400552486187846 0.044221105527638194
1 0.9084944751381215 0.414321608040201 0.04558011049723757 0.04773869346733668
1 0.9116022099447514 0.3821608040201005 0.05939226519337017 0.06582914572864322
1 0.7997237569060773 0.2804020100502513 0.06284530386740332 0.06532663316582915
1 0.7976519337016574 0.314321608040201 0.04143646408839779 0.04472361809045226
1 0.7928176795580111 0.32864321608040203 0.04419889502762431 0.04723618090452261
1 0.7788328729281768 0.3542713567839196 0.0417817679558011 0.04522613065326633
1 0.7341160220994475 0.47537688442211057 0.04143646408839779 0.04623115577889447
1 0.7717541436464088 0.36608040201005027 0.04074585635359116 0.04472361809045226
1 0.7588052486187845 0.371356783919598 0.05697513812154696 0.0592964824120603
1 0.762603591160221 0.39321608040201006 0.040400552486187846 0.04472361809045226
1 0.7563881215469613 0.4065326633165829 0.043162983425414365 0.04623115577889447
2 0.7223756906077348 0.3907035175879397 0.018646408839779006 0.022613065326633167
1 0.7408494475138122 0.428643216080402 0.06042817679558011 0.062311557788944726
1 0.7266919889502762 0.43266331658291457 0.06388121546961326 0.06532663316582915
1 0.7354972375690608 0.4585427135678392 0.04143646408839779 0.04472361809045226
1 0.09375 0.1806532663316583 0.02520718232044199 0.04773869346733668
