2 0.3263813651137595 0.5227882037533512 0.012459371614301192 0.02359249329758713
2 0.20368364030335862 0.6359249329758713 0.03683640303358613 0.0160857908847185
1 0.25487540628385696 0.7997319034852547 0.03954496208017335 0.013404825737265416
1 0.39003250270855905 0.7206434316353887 0.024918743228602384 0.0707774798927614
1 0.31392199349945826 0.7378016085790885 0.025460455037919827 0.0707774798927614
2 0.2898158179848321 0.7117962466487936 0.015167930660888408 0.039142091152815014
1 0.26029252437703143 0.7445040214477212 0.026543878656554713 0.08096514745308311
1 0.2760021668472373 0.7404825737265416 0.031960996749729145 0.09008042895442359
1 0.3485915492957746 0.7184986595174263 0.03954496208017335 0.0997319034852547
1 0.2150595882990249 0.4978552278820375 0.016251354279523293 0.04772117962466488
1 0.3607800650054171 0.2868632707774799 0.09209100758396534 0.03431635388739947
1 0.1094257854821235 0.4364611260053619 0.09209100758396534 0.0353887399463807
1 0.12865655471289275 0.4554959785522788 0.053629469122426866 0.02198391420911528
1 0.11863488624052004 0.47908847184986597 0.09425785482123511 0.03163538873994638
1 0.11213434452871072 0.5080428954423593 0.06717226435536294 0.027345844504021447
1 0.11132177681473455 0.49436997319034853 0.090465872156013 0.031099195710455763
1 0.11619718309859155 0.5235924932975872 0.09588299024918744 0.032707774798927614
1 0.3101300108342362 0.7882037533512064 0.07096424702058506 0.032171581769437
2 0.207204767063922 0.6501340482573726 0.022210184182015168 0.013404825737265416
2 0.36105092091007585 0.3801608579088472 0.022210184182015168 0.012868632707774798
2 0.18039003250270855 0.5941018766756032 0.023835319609967497 0.008579088471849867
2 0.5834236186348862 0.05335120643431635 0.035752979414951244 0.023056300268096516
2 0.2007042253521127 0.22788203753351208 0.01895991332611051 0.015013404825737266
2 0.20449620801733479 0.21823056300268096 0.022210184182015168 0.015013404825737266
2 0.18932827735644636 0.26353887399463805 0.0276273022751896 0.015549597855227882
2 0.27735644637053086 0.4166219839142091 0.02275189599133261 0.015013404825737266
2 0.2513542795232936 0.4099195710455764 0.027085590465872156 0.01769436997319035
2 0.23212351029252437 0.40428954423592495 0.020043336944745395 0.030026809651474532
2 0.223726977248104 0.42761394101876676 0.013001083423618635 0.019839142091152815
2 0.20747562296858071 0.4008042895442359 0.015167930660888408 0.024128686327077747
2 0.1673889490790899 0.3873994638069705 0.00866738894907909 0.01876675603217158
2 0.14084507042253522 0.14664879356568364 0.016251354279523293 0.02520107238605898
2 0.0528169014084507 0.1512064343163539 0.01570964247020585 0.02680965147453083
1 0.33640303358613216 0.30107238605898123 0.04658721560130011 0.02520107238605898
2 0.37919826652221017 0.3109919571045576 0.04008667388949079 0.022520107238605896
2 0.1784940411700975 0.6096514745308311 0.023293607800650054 0.010723860589812333
1 0.13813651137594798 0.5611260053619302 0.09425785482123511 0.015549597855227882
1 0.15059588299024917 0.5777479892761395 0.09317443120260022 0.014477211796246649
1 0.3269230769230769 0.72171581769437 0.028710725893824486 0.09651474530831099
1 0.3745937161430119 0.7126005361930295 0.026543878656554713 0.09115281501340483
2 0.5774647887323944 0.5203753351206434 0.013001083423618635 0.03806970509383378
1 0.511646803900325 0.5053619302949062 0.017876489707475622 0.07024128686327077
2 0.4485373781148429 0.49436997319034853 0.01733477789815818 0.03967828418230563
1 0.47372697724810403 0.5083109919571046 0.020043336944745395 0.07292225201072386
2 0.48672806067172264 0.49249329758713134 0.012459371614301192 0.036997319034852545
2 0.49295774647887325 0.5367292225201072 0.015167930660888408 0.0386058981233244
1 0.528169014084507 0.5155495978552279 0.01950162513542795 0.09597855227882038
1 0.5433369447453954 0.5136729222520108 0.01950162513542795 0.09651474530831099
1 0.5579631635969664 0.5107238605898123 0.01733477789815818 0.0938337801608579
1 0.566088840736728 0.4061662198391421 0.021668472372697724 0.09597855227882038
1 0.5522751895991332 0.4075067024128686 0.020043336944745395 0.09544235924932976
1 0.537919826652221 0.40670241286863273 0.01950162513542795 0.09276139410187667
1 0.5241061755146262 0.4107238605898123 0.02112676056338028 0.09651474530831099
1 0.4926868905742145 0.4032171581769437 0.016793066088840736 0.09651474530831099
1 0.4509750812567714 0.4155495978552279 0.014626218851570965 0.09651474530831099
2 0.4550379198266522 0.3509383378016086 0.011917659804983749 0.02091152815013405
2 0.5763813651137595 0.3546916890080429 0.014084507042253521 0.027345844504021447
1 0.6451787648970747 0.41876675603217156 0.018418201516793065 0.07184986595174263
2 0.5243770314192849 0.628686327077748 0.013001083423618635 0.023056300268096516
1 0.1969122426868906 0.7144772117962467 0.047128927410617555 0.02520107238605898
1 0.2007042253521127 0.6844504021447722 0.09263271939328277 0.03163538873994638
1 0.17524377031419286 0.6260053619302949 0.09479956663055254 0.023056300268096516
2 0.03927410617551463 0.5699731903485254 0.01570964247020585 0.022520107238605896
2 0.10319609967497291 0.7050938337801609 0.01570964247020585 0.022520107238605896
2 0.6218851570964247 0.6243967828418231 0.01950162513542795 0.010187667560321715
1 0.5501083423618635 0.6949061662198391 0.028710725893824486 0.09115281501340483
1 0.6627843986998917 0.42305630026809654 0.016793066088840736 0.06970509383378017
1 0.5278981581798483 0.6876675603217158 0.03629469122426869 0.09490616621983915
1 0.5130010834236186 0.696514745308311 0.035752979414951244 0.09544235924932976
1 0.6787648970747562 0.6592493297587131 0.08992416034669556 0.015549597855227882
1 0.6963705308775732 0.5670241286863271 0.0276273022751896 0.08847184986595175
2 0.7364572047670639 0.36675603217158176 0.017876489707475622 0.028954423592493297
2 0.6765980498374865 0.3731903485254692 0.014084507042253521 0.03753351206434316
1 0.6627843986998917 0.23190348525469168 0.10021668472372698 0.030563002680965148
1 0.6841820151679306 0.20536193029490615 0.09425785482123511 0.022520107238605896
1 0.7158721560130011 0.15656836461126006 0.09913326110509209 0.024664879356568366
2 0.26787648970747563 0.13351206434316354 0.01570964247020585 0.025737265415549597
2 0.14301191765980498 0.35951742627345845 0.014084507042253521 0.02091152815013405
2 0.12621885157096424 0.3249329758713137 0.023835319609967497 0.03324396782841823
2 0.1419284940411701 0.32680965147453084 0.016251354279523293 0.023056300268096516
2 0.10536294691224268 0.32144772117962467 0.02112676056338028 0.013404825737265416
2 0.10861321776814735 0.3093833780160858 0.028710725893824486 0.018230563002680965
2 0.1080715059588299 0.29624664879356566 0.023293607800650054 0.015549597855227882
2 0.11728060671722644 0.28445040214477213 0.03087757313109426 0.02091152815013405
2 0.17199349945828818 0.35737265415549596 0.022210184182015168 0.014477211796246649
2 0.176056338028169 0.34396782841823054 0.01950162513542795 0.014477211796246649
2 0.1795774647887324 0.32707774798927614 0.022210184182015168 0.013941018766756031
2 0.1833694474539545 0.3163538873994638 0.022210184182015168 0.013941018766756031
2 0.18634886240520043 0.30563002680965146 0.020585048754062838 0.013941018766756031
2 0.19339111592632718 0.27533512064343163 0.01950162513542795 0.011260053619302948
2 0.18959913326110509 0.2871313672922252 0.02275189599133261 0.016621983914209115
2 0.23076923076923078 0.11823056300268096 0.03358613217768147 0.02198391420911528
2 0.2949620801733478 0.3729222520107239 0.023293607800650054 0.02198391420911528
2 0.35102925243770317 0.32386058981233246 0.023835319609967497 0.013941018766756031
2 0.30715059588299026 0.33136729222520106 0.027085590465872156 0.022520107238605896
2 0.3634886240520043 0.3680965147453083 0.021668472372697724 0.013404825737265416
2 0.3380281690140845 0.39731903485254694 0.024918743228602384 0.0160857908847185
2 0.3315276273022752 0.4077747989276139 0.023835319609967497 0.015549597855227882
2 0.3496749729144095 0.34772117962466487 0.022210184182015168 0.011260053619302948
2 0.28277356446370533 0.40187667560321716 0.023835319609967497 0.016621983914209115
2 0.30823401950162516 0.3155495978552279 0.020585048754062838 0.01876675603217158
2 0.2890032502708559 0.3815013404825737 0.023293607800650054 0.02198391420911528
2 0.36728060671722645 0.3587131367292225 0.020585048754062838 0.011796246648793566
2 0.3017334777898158 0.3415549597855228 0.02275189599133261 0.02037533512064343
2 0.35969664138678226 0.3914209115281501 0.021668472372697724 0.012868632707774798
2 0.3564463705308776 0.4155495978552279 0.023835319609967497 0.015013404825737266
2 0.35102925243770317 0.4254691689008043 0.02275189599133261 0.014477211796246649
2 0.33965330444203684 0.38820375335120644 0.024918743228602384 0.0160857908847185
2 0.3423618634886241 0.36863270777479895 0.02275189599133261 0.012332439678284183
2 0.3001083423618635 0.35254691689008044 0.023835319609967497 0.01769436997319035
2 0.2800650054171181 0.13512064343163538 0.015167930660888408 0.02359249329758713
2 0.2930660888407367 0.13619302949061662 0.01733477789815818 0.030026809651474532
1 0.7131635969664138 0.12788203753351207 0.09913326110509209 0.019839142091152815
2 0.3114842903575298 0.1353887399463807 0.01950162513542795 0.029490616621983913
1 0.8545503791982665 0.22654155495978553 0.05471289274106175 0.02198391420911528
1 0.8970747562296858 0.5284182305630026 0.05200433369447454 0.09597855227882038
1 0.8626760563380281 0.132171581769437 0.047128927410617555 0.013404825737265416
1 0.7321235102925244 0.11045576407506702 0.07421451787648971 0.0160857908847185
1 0.7567713976164681 0.055764075067024126 0.016251354279523293 0.028954423592493297
1 0.7424160346695557 0.04477211796246649 0.025460455037919827 0.05201072386058981
2 0.6882448537378115 0.17238605898123324 0.02112676056338028 0.013404825737265416
1 0.7814192849404117 0.4002680965147453 0.03629469122426869 0.07024128686327077
2 0.7015167930660888 0.08659517426273458 0.018418201516793065 0.010187667560321715
1 0.712080173347779 0.1900804289544236 0.07204767063921994 0.02198391420911528
1 0.7318526543878656 0.2742627345844504 0.07042253521126761 0.02198391420911528
1 0.7164138678223185 0.29115281501340484 0.04929577464788732 0.02037533512064343
1 0.7063921993499458 0.2549597855227882 0.06717226435536294 0.016621983914209115
2 0.6489707475622969 0.24745308310991956 0.0390032502708559 0.019839142091152815
1 0.644907908992416 0.2616621983914209 0.06121343445287107 0.025737265415549597
1 0.8128385698808234 0.2549597855227882 0.03087757313109426 0.05308310991957105
1 0.8358613217768147 0.30294906166219837 0.032502708559046585 0.05254691689008043
1 0.8534669555796316 0.26273458445040215 0.053629469122426866 0.02359249329758713
2 0.28954496208017333 0.015013404825737266 0.013542795232936078 0.017158176943699734
2 0.312296858071506 0.10643431635388739 0.02437703141928494 0.016621983914209115
2 0.3680931744312026 0.0193029490616622 0.017876489707475622 0.0193029490616622
2 0.3491332611050921 0.017962466487935657 0.016793066088840736 0.01876675603217158
2 0.33504875406283857 0.0160857908847185 0.01570964247020585 0.0160857908847185
2 0.3206933911159263 0.01903485254691689 0.01733477789815818 0.02198391420911528
2 0.30606717226435537 0.018230563002680965 0.01733477789815818 0.021447721179624665
2 0.2765438786565547 0.013941018766756031 0.017876489707475622 0.0160857908847185
1 0.8675514626218852 0.27882037533512066 0.05471289274106175 0.02680965147453083
2 0.2600216684723727 0.010723860589812333 0.015167930660888408 0.0096514745308311
2 0.020314192849404118 0.4032171581769437 0.010292524377031419 0.018230563002680965
1 0.8935536294691224 0.3541554959785523 0.05579631635969664 0.016621983914209115
1 0.8875947995666306 0.34075067024128686 0.05471289274106175 0.016621983914209115
1 0.8773022751895991 0.30857908847184984 0.053629469122426866 0.027345844504021447
1 0.8713434452871073 0.2970509383378016 0.053629469122426866 0.025737265415549597
1 0.43418201516793065 0.4160857908847185 0.016793066088840736 0.09865951742627346
