3 0.817859673990078 0.18057210965435042 0.01842664776754075 0.015494636471990465
3 0.42026931254429484 0.3837902264600715 0.01700921332388377 0.033373063170441
4 0.15698086463501063 0.9713945172824792 0.040396881644223954 0.028605482717520857
4 0.3143160878809355 0.831942789034565 0.027639971651311126 0.08104886769964244
4 0.47519489723600283 0.8158522050059595 0.031892274982282066 0.07270560190703218
4 0.7813607370659107 0.8462455303933254 0.04323175053153792 0.04529201430274136
4 0.8547129695251595 0.9195470798569726 0.03827072997873848 0.0631704410011919
4 0.8160878809355068 0.13110846245530394 0.023387668320340185 0.09058402860548272
4 0.6948972360028348 0.16209773539928488 0.03330970942593905 0.08581644815256258
4 0.5992204110559887 0.21871275327771156 0.01630049610205528 0.06793802145411204
4 0.5382707299787385 0.20083432657926104 0.029057406094968107 0.07508939213349225
4 0.42133238837703757 0.3569725864123957 0.03614457831325301 0.07508939213349225
4 0.25336640680368533 0.5464839094159714 0.04890148830616584 0.09892729439809297
4 0.17505315379163713 0.597735399284863 0.0368532955350815 0.10369487485101311
