3 0.9639705882352941 0.2637017070979335 0.023529411764705882 0.017070979335130278
2 0.7444852941176471 0.14779874213836477 0.011029411764705883 0.018867924528301886
4 0.39044117647058824 0.16621743036837378 0.01911764705882353 0.07367475292003593
4 0.9415441176470588 0.24123989218328842 0.0625 0.036837376460017966
4 0.9176470588235294 0.7875112309074573 0.054411764705882354 0.07996406109613657
4 0.6900735294117647 0.7084456424079065 0.09779411764705882 0.1500449236298293
4 0.6 0.6841868823000898 0.07794117647058824 0.11590296495956873
9 0.32794117647058824 0.7273135669362084 0.054411764705882354 0.04582210242587601
4 0.4470588235294118 0.5269541778975741 0.09705882352941177 0.14106019766397124
4 0.17316176470588235 0.3238993710691824 0.03602941176470588 0.07637017070979335
2 0.43676470588235294 0.5067385444743935 0.01911764705882353 0.017969451931716084
2 0.26838235294117646 0.7964959568733153 0.01764705882352941 0.02605570530098832
2 0.2801470588235294 0.8081761006289309 0.014705882352941176 0.022461814914645103
2 0.4363970588235294 0.9528301886792453 0.013970588235294118 0.02425876010781671
2 0.7330882352941176 0.1545372866127583 0.016176470588235296 0.02336028751123091
2 0.7419117647058824 0.17026055705300988 0.014705882352941176 0.009883198562443846
2 0.7724264705882353 0.19901168014375561 0.006617647058823529 0.017070979335130278
4 0.09411764705882353 0.08355795148247978 0.054411764705882354 0.07906558849955077
