3 0.4977578475336323 0.8608433734939759 0.013452914798206279 0.02289156626506024
4 0.8352017937219731 0.363855421686747 0.1367713004484305 0.05060240963855422
4 0.7892376681614349 0.4475903614457831 0.06053811659192825 0.03493975903614458
4 0.4966367713004484 0.813855421686747 0.04035874439461883 0.11686746987951807
4 0.12780269058295965 0.9463855421686747 0.06950672645739911 0.03493975903614458
4 0.148542600896861 0.8789156626506024 0.08408071748878924 0.027710843373493974
4 0.29652466367713004 0.75 0.028026905829596414 0.0927710843373494
4 0.16367713004484305 0.7198795180722891 0.02242152466367713 0.04457831325301205
4 0.3895739910313901 0.5548192771084337 0.021300448430493273 0.03975903614457831
4 0.14966367713004483 0.6114457831325302 0.01233183856502242 0.05421686746987952
9 0.3133408071748879 0.47048192771084335 0.030269058295964126 0.02530120481927711
