1 0.272027373823781 0.9774058577405857 0.05303678357570573 0.018410041841004185
1 0.26390076988879385 0.899163179916318 0.05218135158254919 0.017573221757322177
1 0.6411462788708298 0.9728033472803347 0.08297690333618478 0.019246861924686193
1 0.08426005132591959 0.8518828451882845 0.0641573994867408 0.023430962343096235
1 0.09067579127459367 0.6422594142259415 0.06672369546621043 0.02092050209205021
1 0.27587681779298545 0.702510460251046 0.07442258340461934 0.022594142259414227
1 0.29726261762189904 0.37489539748953976 0.02480752780153978 0.055230125523012555
1 0.7852865697177075 0.5171548117154812 0.08212147134302823 0.03682008368200837
1 0.08511548331907613 0.7606694560669456 0.05731394354148845 0.018410041841004185
1 0.08511548331907613 0.7857740585774059 0.06244653550042772 0.023430962343096235
1 0.32506415739948674 0.48368200836820086 0.08383233532934131 0.02510460251046025
1 0.3118049615055603 0.5560669456066946 0.05731394354148845 0.022594142259414227
1 0.5585970915312233 0.5242677824267783 0.0872540633019675 0.024267782426778243
1 0.6283147989734816 0.5548117154811716 0.07784431137724551 0.018410041841004185
1 0.5795551753635586 0.5845188284518829 0.06928999144568007 0.019246861924686193
1 0.5025662959794697 0.5815899581589958 0.08126603934987169 0.018410041841004185
1 0.5449101796407185 0.5543933054393305 0.0855431993156544 0.019246861924686193
1 0.6809238665526091 0.7058577405857741 0.08212147134302823 0.017573221757322177
1 0.08810949529512403 0.7142259414225941 0.06501283147989735 0.019246861924686193
1 0.42429426860564584 0.5288702928870292 0.05645851154833191 0.0200836820083682
1 0.34046193327630453 0.5301255230125523 0.08212147134302823 0.022594142259414227
1 0.5953806672369547 0.49665271966527197 0.0718562874251497 0.03096234309623431
1 0.8404619332763046 0.894979079497908 0.04020530367835757 0.07280334728033473
1 0.7733105218135158 0.4694560669456067 0.07698887938408897 0.03682008368200837
1 0.7840034217279727 0.49414225941422596 0.08126603934987169 0.03430962343096234
1 0.7985457656116339 0.6359832635983264 0.055603079555175364 0.0301255230125523
1 0.8520102651839179 0.69581589958159 0.08212147134302823 0.03430962343096234
1 0.8682634730538922 0.7627615062761506 0.07527801539777587 0.03096234309623431
1 0.8686911890504705 0.8117154811715481 0.08639863130881095 0.03682008368200837
1 0.888366124893071 0.8543933054393306 0.07442258340461934 0.031799163179916316
1 0.9050470487596236 0.9255230125523013 0.08041060735671514 0.03347280334728033
1 0.5166809238665526 0.502092050209205 0.07698887938408897 0.0200836820083682
1 0.913601368691189 0.9732217573221758 0.0872540633019675 0.038493723849372385
1 0.6822070145423439 0.8585774058577406 0.08297690333618478 0.016736401673640166
1 0.6890504704875963 0.7845188284518828 0.0641573994867408 0.02594142259414226
1 0.6937553464499572 0.7351464435146443 0.09067579127459367 0.032635983263598324
1 0.49615055603079555 0.4769874476987448 0.12147134302822926 0.02510460251046025
1 0.3361847733105218 0.507949790794979 0.08041060735671514 0.021757322175732216
1 0.4328485885372113 0.502928870292887 0.08212147134302823 0.023430962343096235
1 0.2763045337895637 0.8569037656903765 0.058169375534645 0.016736401673640166
1 0.6869118905047049 0.7606694560669456 0.08212147134302823 0.035146443514644354
1 0.13515825491873396 0.8702928870292888 0.046193327630453376 0.11380753138075314
1 0.6783575705731394 0.80836820083682 0.058169375534645 0.021757322175732216
2 0.6578272027373824 0.905020920502092 0.0427715996578272 0.019246861924686193
2 0.8378956372968349 0.796652719665272 0.05389221556886228 0.026778242677824266
2 0.8524379811804962 0.7179916317991631 0.055603079555175364 0.026778242677824266
2 0.8130881094952951 0.6556485355648536 0.05218135158254919 0.02594142259414226
2 0.6278870829769033 0.5234309623430963 0.04790419161676647 0.02092050209205021
2 0.6732249786142002 0.30167364016736403 0.01710863986313088 0.03096234309623431
2 0.6484174508126604 0.30167364016736403 0.01710863986313088 0.032635983263598324
2 0.5786997433704021 0.0794979079497908 0.023096663815226688 0.04184100418410042
1 0.7241231822070145 0.9794979079497907 0.08126603934987169 0.02092050209205021
1 0.7656116338751069 0.59581589958159 0.0855431993156544 0.04184100418410042
1 0.6518391787852865 0.5903765690376569 0.0855431993156544 0.024267782426778243
1 0.5384944396920445 0.2518828451882845 0.026518391787852865 0.05188284518828452
1 0.38922155688622756 0.5527196652719665 0.0872540633019675 0.02092050209205021
1 0.4294268605645851 0.5757322175732218 0.06159110350727117 0.0200836820083682
1 0.36313088109495295 0.5782426778242677 0.05731394354148845 0.018410041841004185
1 0.39692044482463645 0.4811715481171548 0.06159110350727117 0.021757322175732216
1 0.5209580838323353 0.9564853556485355 0.05474764756201882 0.021757322175732216
2 0.6616766467065869 0.8811715481171548 0.04020530367835757 0.018410041841004185
2 0.646278870829769 0.9510460251046026 0.05389221556886228 0.017573221757322177
2 0.7112917023096664 0.9535564853556485 0.05389221556886228 0.019246861924686193
2 0.04662104362703165 0.1309623430962343 0.019674935842600515 0.03430962343096234
1 0.6475620188195038 0.8343096234309624 0.046193327630453376 0.0200836820083682
1 0.8798118049615056 0.8330543933054393 0.08639863130881095 0.03765690376569038
2 0.08639863130881095 0.06276150627615062 0.015397775876817793 0.03347280334728033
2 0.11548331907613345 0.06192468619246862 0.020530367835757058 0.035146443514644354
2 0.07228400342172797 0.06317991631799164 0.01454234388366125 0.032635983263598324
2 0.045337895637296836 0.06150627615062761 0.018819503849443968 0.03430962343096234
2 0.09409751924721985 0.13472803347280335 0.018819503849443968 0.031799163179916316
2 0.0658682634730539 0.1305439330543933 0.01710863986313088 0.031799163179916316
2 0.7309666381522669 0.8820083682008368 0.04875962360992301 0.021757322175732216
2 0.5479041916167665 0.0803347280334728 0.023096663815226688 0.04351464435146443
2 0.27758768177929855 0.9221757322175732 0.04020530367835757 0.0200836820083682
2 0.27416595380667236 0.9602510460251046 0.04362703165098375 0.019246861924686193
2 0.2694610778443114 0.9414225941422594 0.0427715996578272 0.01506276150627615
2 0.713857998289136 0.9058577405857741 0.045337895637296836 0.017573221757322177
2 0.6518391787852865 0.9292887029288703 0.05132591958939264 0.02092050209205021
2 0.7117194183062446 0.9301255230125522 0.0427715996578272 0.019246861924686193
1 0.7544910179640718 0.42552301255230124 0.08041060735671514 0.03933054393305439
