9 0.8739956172388604 0.8770250368188512 0.02337472607742878 0.050564555719194895
9 0.24780861943024104 0.6384388807069219 0.025931336742147554 0.03485517918507609
9 0.6031775018261505 0.8016691212567502 0.04054054054054054 0.05694648993618066
9 0.6815193571950329 0.7130584192439863 0.04163623082542001 0.048600883652430045
9 0.8133674214755295 0.46244477172312226 0.04163623082542001 0.053019145802650956
9 0.8699780861943024 0.36573392243495334 0.027757487216946677 0.049091801669121256
9 0.7317384952520087 0.07682866961217477 0.032505478451424395 0.027000490918016692
9 0.3476990504017531 0.30535100638193424 0.03360116873630387 0.045164457535591555
9 0.49068663257852446 0.3789887088856161 0.043462381300219136 0.035346097201767304
9 0.48886048210372535 0.8664702994599902 0.03469685902118334 0.046146293568973984
9 0.1537618699780862 0.586647029945999 0.03214024835646457 0.045164457535591555
9 0.0664718772826881 0.18679430535100638 0.029218407596785977 0.05547373588610702
