2 0.11142131979695431 0.3682476943346509 0.023857868020304568 0.019762845849802372
2 0.11065989847715736 0.3547430830039526 0.023350253807106598 0.019104084321475624
7 0.2736040609137056 0.37285902503293805 0.07309644670050762 0.14624505928853754
7 0.33553299492385785 0.35144927536231885 0.0751269035532995 0.1469038208168643
7 0.39720812182741116 0.3310276679841897 0.07563451776649746 0.1469038208168643
7 0.1766497461928934 0.6231884057971014 0.0751269035532995 0.14624505928853754
7 0.25406091370558376 0.5958498023715415 0.07360406091370558 0.1469038208168643
7 0.31548223350253807 0.575098814229249 0.07461928934010152 0.14624505928853754
7 0.3769035532994924 0.5527009222661396 0.07461928934010152 0.14756258234519104
7 0.4385786802030457 0.532608695652174 0.07411167512690356 0.1469038208168643
6 0.6703045685279188 0.841897233201581 0.14365482233502538 0.24110671936758893
6 0.5629441624365482 0.8013833992094862 0.13908629441624365 0.2378129117259552
8 0.784517766497462 0.33695652173913043 0.1700507614213198 0.21014492753623187
2 0.03680203045685279 0.12417654808959157 0.011675126903553299 0.028326745718050064
2 0.0733502538071066 0.1795125164690382 0.02081218274111675 0.017786561264822136
2 0.012690355329949238 0.22859025032938077 0.015228426395939087 0.02766798418972332
2 0.08705583756345178 0.22793148880105402 0.02182741116751269 0.019762845849802372
2 0.08730964467005076 0.2437417654808959 0.02233502538071066 0.021080368906455864
2 0.09898477157360407 0.2855731225296443 0.02233502538071066 0.020421607378129116
2 0.10456852791878173 0.31357048748353095 0.018274111675126905 0.015810276679841896
2 0.049238578680203045 0.4321475625823452 0.012182741116751269 0.025032938076416336
2 0.062436548223350256 0.4403820816864295 0.01116751269035533 0.0230566534914361
2 0.40177664974619287 0.03985507246376811 0.013705583756345178 0.028326745718050064
7 0.21243654822335026 0.3945981554677207 0.07360406091370558 0.14624505928853754
