2 0.9782091917591125 0.20150501672240803 0.03248811410459588 0.030100334448160536
2 0.2904120443740095 0.034280936454849496 0.03407290015847861 0.028428093645484948
9 0.3827258320126783 0.21028428093645485 0.042789223454833596 0.04096989966555184
9 0.3375594294770206 0.25877926421404684 0.04754358161648178 0.047658862876254184
9 0.3225039619651347 0.3248327759197324 0.0491283676703645 0.047658862876254184
9 0.28922345483359746 0.3787625418060201 0.04120443740095087 0.04013377926421405
9 0.22820919175911253 0.5008361204013378 0.03486529318541997 0.033444816053511704
9 0.187797147385103 0.6270903010033445 0.04120443740095087 0.04013377926421405
9 0.38549920760697304 0.992056856187291 0.04833597464342314 0.017558528428093644
9 0.5190174326465927 0.8453177257525084 0.04120443740095087 0.043478260869565216
9 0.7337559429477021 0.4389632107023411 0.08874801901743265 0.07692307692307693
9 0.8914421553090333 0.08444816053511706 0.09350237717908082 0.08695652173913043
9 0.8324088748019017 0.20903010033444816 0.04675118858954041 0.048494983277591976
2 0.18026941362916007 0.056856187290969896 0.03407290015847861 0.0451505016722408
2 0.053486529318541996 0.17558528428093645 0.03407290015847861 0.026755852842809364
2 0.2991283676703645 0.06396321070234114 0.03407290015847861 0.025919732441471572
2 0.22266244057052298 0.2980769230769231 0.03645007923930269 0.029264214046822744
2 0.9381933438985737 0.20192307692307693 0.04120443740095087 0.03260869565217391
2 0.18502377179080823 0.29974916387959866 0.03724247226624406 0.034280936454849496
2 0.018225039619651346 0.26797658862876256 0.03328050713153724 0.030936454849498328
2 0.03565768621236133 0.4414715719063545 0.025356576862123614 0.03511705685618729
2 0.14976228209191758 0.40551839464882944 0.03169572107765452 0.026755852842809364
2 0.0554675118858954 0.4870401337792642 0.039619651347068144 0.030936454849498328
2 0.04001584786053883 0.5209030100334449 0.03407290015847861 0.028428093645484948
2 0.07408874801901744 0.5380434782608695 0.03724247226624406 0.029264214046822744
2 0.5931061806656102 0.919314381270903 0.030903328050713153 0.025919732441471572
2 0.6798732171156894 0.8248327759197325 0.03486529318541997 0.029264214046822744
2 0.8847068145800316 0.8837792642140468 0.04675118858954041 0.03678929765886288
2 0.937797147385103 0.7073578595317725 0.029318541996830427 0.033444816053511704
2 0.7650554675118859 0.552675585284281 0.03248811410459588 0.028428093645484948
2 0.910459587955626 0.3294314381270903 0.03169572107765452 0.028428093645484948
2 0.9437400950871633 0.34740802675585286 0.03486529318541997 0.029264214046822744
9 0.4405705229793978 0.08946488294314381 0.04120443740095087 0.04013377926421405
