3 0.3899926416482708 0.27772808586762077 0.026490066225165563 0.01520572450805009
4 0.8436350257542311 0.5402504472271914 0.049300956585724795 0.12164579606440072
4 0.760485651214128 0.7365831842576028 0.008094186902133923 0.07602862254025045
4 0.7089771891096395 0.6878354203935599 0.019867549668874173 0.11270125223613596
4 0.6317144959529065 0.6923076923076923 0.02869757174392936 0.11091234347048301
4 0.579102281089036 0.6923076923076923 0.02207505518763797 0.1001788908765653
4 0.33774834437086093 0.8103756708407871 0.01177336276674025 0.04293381037567084
4 0.23841059602649006 0.8202146690518783 0.016188373804267846 0.0518783542039356
4 0.16188373804267844 0.7790697674418605 0.03384841795437822 0.057245080500894455
4 0.1254598969830758 0.7531305903398927 0.03016924208977189 0.06440071556350627
4 0.20382634289919058 0.5322003577817531 0.03237674760853569 0.07155635062611806
4 0.45106696100073584 0.28577817531305905 0.07947019867549669 0.10822898032200358
4 0.7358351729212657 0.2003577817531306 0.04562178072111847 0.046511627906976744
