4 0.20824742268041238 0.8884670147128619 0.18969072164948453 0.051257712387280496
4 0.2329896907216495 0.7937826293308021 0.2020618556701031 0.05173232083531087
4 0.26804123711340205 0.7311343141907926 0.21030927835051547 0.04983388704318937
4 0.29742268041237113 0.6468913146654011 0.277319587628866 0.06929283341243474
4 0.3675257731958763 0.6018035121025154 0.29381443298969073 0.06929283341243474
4 0.41391752577319585 0.5545799715234931 0.29175257731958765 0.08210726150925486
4 0.48195876288659795 0.5018984337921215 0.25051546391752577 0.07736117702895111
4 0.5144329896907216 0.4435215946843854 0.2556701030927835 0.08210726150925486
4 0.5943298969072165 0.3704318936877076 0.26082474226804125 0.08115804461319412
4 0.6278350515463917 0.2510678690080683 0.3154639175257732 0.0854295206454675
4 0.7139175257731959 0.1988609397247271 0.24845360824742269 0.068343616516374
4 0.770618556701031 0.16041765543426673 0.22371134020618558 0.06264831514000949
