2 0.9476954945624029 0.19461077844311378 0.024857586742620404 0.03473053892215569
2 0.9031589849818746 0.15568862275449102 0.015535991714137753 0.05269461077844311
2 0.887622993267737 0.1497005988023952 0.018643190056965304 0.06946107784431138
2 0.8153806317969964 0.053293413173652694 0.015018125323666495 0.06107784431137724
3 0.31693423096841017 0.34850299401197604 0.017607457276022784 0.06467065868263473
4 0.8534438114966338 0.6826347305389222 0.06421543241843604 0.19640718562874251
4 0.7107716209218021 0.6119760479041916 0.07405489383738996 0.2562874251497006
4 0.6359399274987053 0.5706586826347305 0.04350077679958571 0.18083832335329342
4 0.5572242361470741 0.5149700598802395 0.03935784567581564 0.162874251497006
4 0.5 0.4544910179640719 0.0398757120662869 0.18083832335329342
4 0.40833764888658725 0.36706586826347304 0.05955463490419472 0.19760479041916168
4 0.31175556706369756 0.2622754491017964 0.06525116519937856 0.20838323353293414
4 0.11289487312273433 0.19341317365269461 0.05385810460901087 0.29101796407185626
