2 0.8801401869158878 0.20320855614973263 0.014485981308411215 0.0374331550802139
2 0.8848130841121495 0.24688057040998218 0.020093457943925235 0.040998217468805706
2 0.9063084112149533 0.27807486631016043 0.020093457943925235 0.026737967914438502
3 0.47897196261682246 0.7045454545454546 0.027102803738317756 0.09893048128342247
3 0.47710280373831776 0.5552584670231729 0.020560747663551402 0.06060606060606061
4 0.8392523364485981 0.767825311942959 0.09345794392523364 0.20231729055258468
4 0.6086448598130841 0.6185383244206774 0.15560747663551402 0.4295900178253119
4 0.49252336448598133 0.5387700534759359 0.1130841121495327 0.4358288770053476
4 0.34322429906542057 0.45766488413547235 0.11728971962616823 0.4019607843137255
4 0.21939252336448598 0.38235294117647056 0.06401869158878505 0.38324420677361853
4 0.14719626168224298 0.31283422459893045 0.02897196261682243 0.2709447415329768
