3 0.7210216110019646 0.9686379928315412 0.0137524557956778 0.026881720430107527
3 0.8136051080550099 0.8906810035842294 0.015225933202357564 0.03225806451612903
3 0.19302554027504912 0.7051971326164874 0.018664047151277015 0.03046594982078853
3 0.7843811394891945 0.4507168458781362 0.014734774066797643 0.03763440860215054
3 0.4491650294695481 0.21027479091995221 0.023084479371316306 0.04659498207885305
4 0.9508840864440079 0.5791517323775388 0.021611001964636542 0.07586618876941457
4 0.9194499017681729 0.5474910394265233 0.02848722986247544 0.15471923536439666
4 0.805992141453831 0.5283751493428913 0.03143418467583497 0.1977299880525687
4 0.681483300589391 0.5486857825567503 0.05648330058939096 0.15949820788530467
4 0.4953339882121807 0.39755077658303467 0.181237721021611 0.46176821983273597
4 0.47077603143418467 0.5615292712066906 0.07907662082514735 0.22461170848267623
4 0.3887524557956778 0.6030465949820788 0.08202357563850687 0.23237753882915174
4 0.29395874263261296 0.6176821983273596 0.09970530451866405 0.2927120669056153
4 0.19572691552062868 0.7703106332138591 0.06041257367387033 0.15113500597371565
4 0.10805500982318271 0.7700119474313023 0.09430255402750491 0.1923536439665472
4 0.022838899803536344 0.8261648745519713 0.04567779960707269 0.17204301075268819
