3 0.4473684210526316 0.45461147421931736 0.031273836765827616 0.029048656499636893
3 0.37719298245614036 0.35294117647058826 0.02212051868802441 0.023238925199709513
9 0.450419527078566 0.036673928830791576 0.034324942791762014 0.03994190268700073
4 0.7921434019832189 0.8075526506899056 0.10755148741418764 0.10457516339869281
4 0.6090770404271548 0.6180101670297748 0.11823035850495804 0.09586056644880174
4 0.492372234935164 0.4422657952069717 0.12890922959572845 0.10602759622367465
9 0.6552250190694127 0.3769063180827887 0.02745995423340961 0.03631082062454612
4 0.40389016018306634 0.30137981118373275 0.11823035850495804 0.11909949164851126
4 0.2639206712433257 0.1710239651416122 0.14035087719298245 0.14451706608569354
4 0.16132723112128147 0.03449527959331881 0.06483600305110603 0.06899055918663761
