4 0.4233576642335766 0.9032778076303063 0.2944038929440389 0.05373455131649651
4 0.3819951338199513 0.876947877485223 0.20681265206812652 0.042987641053197204
4 0.354014598540146 0.846856528747985 0.24817518248175183 0.047286405158516925
4 0.27007299270072993 0.7756582482536271 0.17518248175182483 0.03707684040838259
4 0.2396593673965937 0.746641590542719 0.15815085158150852 0.02418054809242343
4 0.2591240875912409 0.6931757119828049 0.10462287104622871 0.012896292315959162
4 0.2767639902676399 0.5102095647501343 0.16423357664233576 0.04030091348737238
4 0.3029197080291971 0.46856528747984955 0.1630170316301703 0.03331542181622783
4 0.3266423357664234 0.4274583557227297 0.15693430656934307 0.026329930145083287
4 0.504257907542579 0.27189682966147233 0.15693430656934307 0.06340677055346589
4 0.572992700729927 0.24288017195056422 0.19951338199513383 0.06555615260612574
4 0.6192214111922141 0.21117678667383127 0.1678832116788321 0.06663084363245567
4 0.6581508515815085 0.18699623858140785 0.17518248175182483 0.07737775389575496
4 0.8029197080291971 0.13433637829124126 0.15085158150851583 0.06985491671144546
4 0.9549878345498783 0.039763567974207416 0.09002433090024331 0.07200429876410532
