2 0.6070975918884665 0.2747349823321555 0.029150823827629912 0.026501766784452298
2 0.7179974651457541 0.3194935217903416 0.024081115335868188 0.019434628975265017
2 0.9372623574144486 0.11955241460541814 0.022813688212927757 0.02237926972909305
2 0.9163498098859315 0.13928150765606595 0.025348542458808618 0.024146054181389872
2 0.3897338403041825 0.089811542991755 0.022813688212927757 0.026501766784452298
4 0.8162230671736375 0.8103651354534747 0.07224334600760456 0.0624263839811543
4 0.6821926489226869 0.591283863368669 0.060202788339670466 0.06007067137809187
4 0.54404309252218 0.5282685512367491 0.11977186311787072 0.10600706713780919
4 0.4233206590621039 0.483510011778563 0.09125475285171103 0.09422850412249706
4 0.34695817490494296 0.425206124852768 0.114702154626109 0.1071849234393404
4 0.2582382762991128 0.36130742049469966 0.1438529784537389 0.1160188457008245
4 0.2094423320659062 0.2573616018845701 0.0779467680608365 0.06713780918727916
4 0.11692015209125475 0.17196702002355713 0.11723700887198986 0.1071849234393404
9 0.5275665399239544 0.1978798586572438 0.053865652724968315 0.048292108362779744
