2 0.9552414605418139 0.757366482504604 0.05653710247349823 0.037753222836095765
3 0.2779740871613663 0.9746777163904236 0.03297997644287397 0.04880294659300184
3 0.36808009422850413 0.9668508287292817 0.045936395759717315 0.04604051565377532
3 0.574793875147232 0.5308471454880295 0.05653710247349823 0.03959484346224678
3 0.7555948174322733 0.27302025782688766 0.0624263839811543 0.04696132596685083
3 0.3504122497055359 0.19843462246777163 0.0624263839811543 0.052486187845303865
4 0.9369846878680801 0.13213627992633517 0.12838633686690223 0.15377532228360957
4 0.8062426383981154 0.30570902394106814 0.11425206124852769 0.08287292817679558
4 0.6878680800942285 0.43738489871086556 0.11778563015312132 0.11602209944751381
4 0.6071849234393404 0.5768876611418048 0.1707891637220259 0.09300184162062615
4 0.49352179034157834 0.7615101289134438 0.24734982332155478 0.13812154696132597
4 0.40577149587750294 0.9631675874769797 0.09540636042402827 0.07366482504604052
4 0.11307420494699646 0.7656537753222836 0.09658421672555949 0.07458563535911603
4 0.14958775029446408 0.46915285451197053 0.2143698468786808 0.12430939226519337
4 0.3374558303886926 0.1694290976058932 0.10482921083627797 0.09392265193370165
