2 0.31157112526539277 0.9419889502762431 0.049893842887473464 0.036464088397790057
2 0.15498938428874734 0.9359116022099447 0.044585987261146494 0.030939226519337018
2 0.07696390658174097 0.9165745856353591 0.045647558386411886 0.02983425414364641
2 0.07484076433121019 0.8718232044198895 0.054140127388535034 0.03535911602209945
1 0.5652866242038217 0.7044198895027625 0.1942675159235669 0.06077348066298342
1 0.4129511677282378 0.592817679558011 0.14012738853503184 0.13149171270718232
1 0.4591295116772824 0.5348066298342542 0.13694267515923567 0.12596685082872927
1 0.5095541401273885 0.481767955801105 0.14861995753715498 0.13480662983425415
1 0.43842887473460723 0.567403314917127 0.1464968152866242 0.13370165745856355
1 0.8099787685774947 0.47845303867403316 0.13800424628450106 0.16353591160220995
1 0.678343949044586 0.39558011049723757 0.12951167728237792 0.15248618784530388
