10 0.16878172588832488 0.5452405857740585 0.04568527918781726 0.03922594142259414
3 0.28426395939086296 0.2868723849372385 0.02284263959390863 0.03085774058577406
3 0.3953045685279188 0.36637029288702927 0.021573604060913704 0.027719665271966527
3 0.38166243654822335 0.3692468619246862 0.022208121827411168 0.030334728033472803
3 0.39276649746192893 0.3294979079497908 0.021573604060913704 0.027196652719665274
3 0.3822969543147208 0.33394351464435146 0.01967005076142132 0.024581589958158997
3 0.35628172588832485 0.34074267782426776 0.018401015228426396 0.024581589958158997
3 0.36008883248730966 0.25993723849372385 0.022208121827411168 0.029288702928870293
3 0.36611675126903553 0.23614016736401675 0.031725888324873094 0.045502092050209206
3 0.34581218274111675 0.23169456066945607 0.02030456852791878 0.02615062761506276
3 0.3321700507614213 0.2348326359832636 0.018401015228426396 0.021966527196652718
3 0.21192893401015228 0.27588912133891214 0.01903553299492386 0.025627615062761507
3 0.22588832487309646 0.2696129707112971 0.017766497461928935 0.022489539748953975
3 0.23794416243654823 0.2651673640167364 0.01903553299492386 0.02405857740585774
3 0.2509517766497462 0.26072175732217573 0.01713197969543147 0.023535564853556484
3 0.2776015228426396 0.25287656903765693 0.01967005076142132 0.023535564853556484
3 0.29251269035532995 0.24921548117154813 0.02030456852791878 0.026673640167364017
3 0.30678934010152287 0.24581589958158995 0.020939086294416244 0.02615062761506276
3 0.33661167512690354 0.26935146443514646 0.018401015228426396 0.02405857740585774
3 0.3229695431472081 0.2719665271966527 0.021573604060913704 0.027196652719665274
3 0.3096446700507614 0.276673640167364 0.021573604060913704 0.028242677824267783
3 0.3677030456852792 0.3763075313807531 0.024746192893401017 0.03190376569037657
3 0.3531091370558376 0.3799686192468619 0.024746192893401017 0.03294979079497908
3 0.4073604060913706 0.3598326359832636 0.02030456852791878 0.027196652719665274
3 0.24841370558375633 0.4121338912133891 0.023477157360406092 0.03138075313807531
3 0.28902284263959394 0.363755230125523 0.023477157360406092 0.027719665271966527
3 0.27411167512690354 0.3674163179916318 0.021573604060913704 0.027719665271966527
3 0.25888324873096447 0.3700313807531381 0.024111675126903553 0.03190376569037657
3 0.23191624365482233 0.38023012552301255 0.022208121827411168 0.029288702928870293
3 0.21890862944162437 0.38389121338912136 0.01903553299492386 0.02301255230125523
3 0.2036802030456853 0.3880753138075314 0.013959390862944163 0.015690376569037656
3 0.22398477157360405 0.42860878661087864 0.03299492385786802 0.043410041841004186
3 0.23540609137055837 0.4168410041841004 0.024111675126903553 0.03138075313807531
3 0.2633248730964467 0.40768828451882844 0.02030456852791878 0.02981171548117155
3 0.41529187817258884 0.3389121338912134 0.03236040609137056 0.04497907949790795
3 0.27918781725888325 0.40298117154811713 0.02284263959390863 0.03190376569037657
3 0.29378172588832485 0.39905857740585776 0.021573604060913704 0.029288702928870293
3 0.30996192893401014 0.39539748953974896 0.024746192893401017 0.032426778242677826
3 0.32614213197969544 0.39147489539748953 0.027918781725888325 0.0350418410041841
3 0.33756345177664976 0.3831066945606695 0.025380710659898477 0.03190376569037657
3 0.3020304568527919 0.35591004184100417 0.02284263959390863 0.027719665271966527
3 0.3286802030456853 0.3493723849372385 0.02284263959390863 0.030334728033472803
3 0.34295685279187815 0.34675732217573224 0.01967005076142132 0.02615062761506276
3 0.2985406091370558 0.2839958158995816 0.024746192893401017 0.032426778242677826
3 0.26935279187817257 0.2907949790794979 0.01967005076142132 0.02615062761506276
3 0.4520939086294416 0.4605125523012552 0.023477157360406092 0.014121338912133892
3 0.25571065989847713 0.2952405857740586 0.02030456852791878 0.028765690376569036
3 0.28838832487309646 0.1315376569037657 0.041243654822335024 0.019351464435146442
4 0.9375 0.8650627615062761 0.1034263959390863 0.007322175732217573
4 0.9403553299492385 0.8284518828451883 0.10279187817258884 0.03347280334728033
4 0.8949873096446701 0.7416317991631799 0.07423857868020305 0.05439330543933055
4 0.8626269035532995 0.6187238493723849 0.07550761421319797 0.04184100418410042
4 0.8493020304568528 0.4168410041841004 0.06789340101522842 0.30857740585774057
4 0.8600888324873096 0.1827928870292887 0.05520304568527919 0.15951882845188284
4 0.9476522842639594 0.07505230125523013 0.08312182741116751 0.00993723849372385
4 0.5209390862944162 0.8391736401673641 0.07487309644670051 0.09780334728033473
4 0.491751269035533 0.7732740585774058 0.0901015228426396 0.06642259414225941
4 0.4727157360406091 0.6820083682008368 0.14593908629441624 0.08786610878661087
4 0.4403553299492386 0.6014644351464435 0.1484771573604061 0.08472803347280335
4 0.4089467005076142 0.5292887029288703 0.14657360406091371 0.0794979079497908
9 0.2918781725888325 0.600418410041841 0.031725888324873094 0.01882845188284519
7 0.22684010152284265 0.5923117154811716 0.04251269035532995 0.049686192468619245
4 0.3534263959390863 0.46940376569037656 0.2182741116751269 0.09780334728033473
4 0.31408629441624364 0.37343096234309625 0.22081218274111675 0.1202928870292887
4 0.2623730964467005 0.276673640167364 0.2265228426395939 0.12238493723849372
4 0.21890862944162437 0.18619246861924685 0.2233502538071066 0.11506276150627615
3 0.29473350253807107 0.14435146443514643 0.0399746192893401 0.02301255230125523
3 0.3153553299492386 0.16605648535564854 0.01903553299492386 0.026673640167364017
3 0.3328045685279188 0.15873430962343096 0.031091370558375634 0.03399581589958159
3 0.11770304568527919 0.22960251046025104 0.0133248730964467 0.01778242677824268
3 0.24143401015228427 0.2994246861924686 0.020939086294416244 0.02981171548117155
3 0.22810913705583757 0.30465481171548114 0.022208121827411168 0.02981171548117155
3 0.19860406091370558 0.2785041841004184 0.01903553299492386 0.024581589958158997
3 0.18527918781725888 0.28268828451882844 0.021573604060913704 0.025627615062761507
3 0.2017766497461929 0.31563807531380755 0.02284263959390863 0.03190376569037657
3 0.1732233502538071 0.3287133891213389 0.012690355329949238 0.016213389121338913
3 0.14974619289340102 0.3135460251046025 0.015228426395939087 0.018305439330543932
3 0.1576776649746193 0.29131799163179917 0.018401015228426396 0.02510460251046025
3 0.1411802030456853 0.22228033472803346 0.020939086294416244 0.028242677824267783
3 0.3020304568527919 0.16997907949790794 0.015228426395939087 0.021966527196652718
3 0.1567258883248731 0.21731171548117154 0.02030456852791878 0.027719665271966527
3 0.19733502538071065 0.20423640167364016 0.01903553299492386 0.025627615062761507
3 0.21192893401015228 0.20109832635983263 0.01649746192893401 0.022489539748953975
3 0.22525380710659898 0.20005230125523013 0.02030456852791878 0.026673640167364017
3 0.25 0.1864539748953975 0.02030456852791878 0.025627615062761507
3 0.2639593908629442 0.18331589958158995 0.02030456852791878 0.028765690376569036
3 0.2788705583756345 0.18017782426778242 0.018401015228426396 0.023535564853556484
3 0.29536802030456855 0.17913179916317992 0.012055837563451776 0.014121338912133892
3 0.4600253807106599 0.4361924686192469 0.0266497461928934 0.036610878661087864
3 0.4095812182741117 0.47384937238493724 0.02601522842639594 0.014644351464435146
3 0.8559644670050761 0.020135983263598327 0.007614213197969543 0.014121338912133892
3 0.44765228426395937 0.7050209205020921 0.015862944162436547 0.02301255230125523
3 0.9359137055837563 0.7596757322175732 0.01015228426395939 0.023535564853556484
3 0.9698604060913706 0.8221757322175732 0.006979695431472081 0.016736401673640166
3 0.936230964467005 0.8245292887029289 0.03362944162436548 0.00993723849372385
3 0.9346446700507615 0.8336820083682008 0.03299492385786802 0.009414225941422594
3 0.924492385786802 0.8498953974895398 0.06598984771573604 0.014644351464435146
3 0.5418781725888325 0.8859832635983264 0.03426395939086294 0.01882845188284519
3 0.524746192893401 0.8433577405857741 0.03426395939086294 0.018305439330543932
3 0.5152284263959391 0.8213912133891214 0.03426395939086294 0.018305439330543932
3 0.5104695431472082 0.8109309623430963 0.03236040609137056 0.017259414225941423
3 0.5015862944162437 0.7821652719665272 0.053934010152284266 0.026673640167364017
3 0.5279187817258884 0.7549686192468619 0.017766497461928935 0.024581589958158997
3 0.5015862944162437 0.7578451882845189 0.01713197969543147 0.02301255230125523
3 0.4733502538071066 0.7664748953974896 0.02030456852791878 0.025627615062761507
3 0.475253807106599 0.6652719665271967 0.01649746192893401 0.02092050209205021
3 0.4549492385786802 0.672071129707113 0.017766497461928935 0.021966527196652718
3 0.43147208121827413 0.6793933054393305 0.012690355329949238 0.01778242677824268
3 0.4219543147208122 0.6812238493723849 0.01649746192893401 0.020397489539748955
3 0.41243654822335024 0.68331589958159 0.012690355329949238 0.015167364016736401
3 0.4248096446700508 0.709989539748954 0.0133248730964467 0.016213389121338913
3 0.899746192893401 0.7581066945606695 0.007614213197969543 0.014121338912133892
3 0.8765862944162437 0.7594142259414226 0.00951776649746193 0.02405857740585774
3 0.8473984771573604 0.5740062761506276 0.031091370558375634 0.00993723849372385
3 0.8559644670050761 0.20502092050209206 0.04060913705583756 0.011506276150627616
3 0.8442258883248731 0.020397489539748955 0.00951776649746193 0.01778242677824268
3 0.8445431472081218 0.040271966527196654 0.006345177664974619 0.013598326359832637
3 0.8692893401015228 0.037918410041841 0.006345177664974619 0.015167364016736401
3 0.8572335025380711 0.04157949790794979 0.006345177664974619 0.015167364016736401
3 0.8546954314720813 0.11715481171548117 0.04060913705583756 0.015690376569037656
3 0.8527918781725888 0.13206066945606695 0.046954314720812185 0.014121338912133892
3 0.8553299492385786 0.14984309623430964 0.04060913705583756 0.014121338912133892
3 0.853743654822335 0.17965481171548117 0.041243654822335024 0.01307531380753138
3 0.8454949238578681 0.27144351464435146 0.04885786802030457 0.01882845188284519
3 0.8454949238578681 0.5598849372384938 0.03236040609137056 0.00993723849372385
3 0.8499365482233503 0.32034518828451886 0.04251269035532995 0.01202928870292887
3 0.8569162436548223 0.35120292887029286 0.02982233502538071 0.00889121338912134
3 0.8486675126903553 0.3773535564853556 0.04758883248730964 0.015167364016736401
3 0.8512055837563451 0.4089958158995816 0.041243654822335024 0.011506276150627616
3 0.8480329949238579 0.4497907949790795 0.037436548223350255 0.010460251046025104
3 0.8473984771573604 0.4850941422594142 0.03362944162436548 0.010983263598326359
3 0.8410532994923858 0.5 0.05012690355329949 0.013598326359832637
3 0.8451776649746193 0.5392259414225942 0.03807106598984772 0.010460251046025104
3 0.4362309644670051 0.7084205020920502 0.018401015228426396 0.025627615062761507
3 0.45970812182741116 0.7005753138075314 0.018401015228426396 0.026673640167364017
3 0.4447969543147208 0.4377615062761506 0.02284263959390863 0.030334728033472803
3 0.47366751269035534 0.6956066945606695 0.01967005076142132 0.02615062761506276
3 0.399746192893401 0.5455020920502092 0.015228426395939087 0.0198744769874477
3 0.3813451776649746 0.5509937238493724 0.013959390862944163 0.017259414225941423
3 0.3708756345177665 0.5523012552301255 0.015862944162436547 0.0198744769874477
3 0.3531091370558376 0.5591004184100419 0.012055837563451776 0.014644351464435146
3 0.3623096446700508 0.5313807531380753 0.01649746192893401 0.01882845188284519
3 0.3518401015228426 0.5337343096234309 0.0133248730964467 0.017259414225941423
3 0.3432741116751269 0.5381799163179917 0.01015228426395939 0.011506276150627616
3 0.2706218274111675 0.49215481171548114 0.02601522842639594 0.03556485355648536
3 0.2845812182741117 0.4861401673640167 0.020939086294416244 0.025627615062761507
3 0.31567258883248733 0.4790794979079498 0.022208121827411168 0.030334728033472803
3 0.3442258883248731 0.4696652719665272 0.022208121827411168 0.03138075313807531
3 0.2858502538071066 0.5125523012552301 0.015862944162436547 0.009414225941422594
3 0.3309010152284264 0.497907949790795 0.018401015228426396 0.010460251046025104
3 0.3604060913705584 0.4898012552301255 0.0266497461928934 0.01307531380753138
3 0.35691624365482233 0.46234309623430964 0.01713197969543147 0.02301255230125523
3 0.3873730964467005 0.45319037656903766 0.024746192893401017 0.0350418410041841
3 0.40482233502538073 0.4505753138075314 0.02284263959390863 0.03085774058577406
3 0.4178299492385787 0.4458682008368201 0.024746192893401017 0.03190376569037657
3 0.43083756345177665 0.44142259414225943 0.024111675126903553 0.03347280334728033
3 0.4086294416243655 0.5410564853556485 0.013959390862944163 0.018305439330543932
3 0.4171954314720812 0.5384414225941423 0.0133248730964467 0.017259414225941423
3 0.4365482233502538 0.5326882845188284 0.01649746192893401 0.020397489539748955
3 0.4444796954314721 0.584989539748954 0.014593908629441625 0.017259414225941423
3 0.521256345177665 0.6963912133891214 0.03616751269035533 0.017259414225941423
3 0.5158629441624365 0.6618723849372385 0.027918781725888325 0.015167364016736401
3 0.5101522842639594 0.6501046025104602 0.03426395939086294 0.016736401673640166
3 0.48096446700507617 0.5721757322175732 0.04060913705583756 0.02092050209205021
3 0.49397208121827413 0.5972803347280334 0.041243654822335024 0.0198744769874477
3 0.4559010152284264 0.6085251046025104 0.015862944162436547 0.020397489539748955
3 0.3756345177664975 0.6051255230125523 0.008883248730964468 0.010460251046025104
3 0.3883248730964467 0.6336297071129707 0.008883248730964468 0.01307531380753138
3 0.43496192893401014 0.5878661087866108 0.015862944162436547 0.0198744769874477
3 0.4619289340101523 0.5235355648535565 0.03553299492385787 0.01778242677824268
3 0.40482233502538073 0.5970188284518828 0.01649746192893401 0.020397489539748955
3 0.3835659898477157 0.5243200836820083 0.015862944162436547 0.019351464435146442
3 0.39435279187817257 0.5211820083682008 0.014593908629441625 0.018305439330543932
3 0.4159263959390863 0.5141213389121339 0.015862944162436547 0.01882845188284519
3 0.4276649746192893 0.5109832635983264 0.012690355329949238 0.013598326359832637
3 0.44701776649746194 0.49110878661087864 0.02982233502538071 0.015690376569037656
3 0.4543147208121827 0.5010460251046025 0.03553299492385787 0.01778242677824268
3 0.4578045685279188 0.5120292887029289 0.031091370558375634 0.01778242677824268
4 0.23286802030456852 0.06354602510460251 0.08756345177664974 0.12709205020920503
