3 0.3842406876790831 0.7319045693489689 0.02005730659025788 0.021027092600080875
3 0.47650429799426935 0.431257581884351 0.028080229226361032 0.015770319450060657
3 0.3997134670487106 0.5301253538212697 0.026934097421203437 0.014557217953902144
3 0.41002865329512894 0.5143550343712091 0.02464183381088825 0.01293974929235746
3 0.4151862464183381 0.5072786089769511 0.025787965616045846 0.014152850788515973
3 0.42349570200573067 0.5008087343307723 0.024068767908309457 0.01334411645774363
3 0.4369627507163324 0.47715325515568136 0.028080229226361032 0.014557217953902144
3 0.44297994269340973 0.4684593610998787 0.0332378223495702 0.017387788111605337
3 0.4469914040114613 0.4595632834613829 0.03667621776504298 0.01900525677315002
3 0.45558739255014324 0.4530934088152042 0.02979942693409742 0.016579053780832995
3 0.463323782234957 0.44541043267286695 0.028080229226361032 0.016579053780832995
3 0.4687679083094556 0.43772745653052975 0.02865329512893983 0.016579053780832995
3 0.4813753581661891 0.42397897290739994 0.024068767908309457 0.01334411645774363
3 0.4002865329512894 0.7086534573392641 0.0166189111747851 0.016579053780832995
3 0.48796561604584526 0.4142741609381318 0.029226361031518624 0.015770319450060657
3 0.49312320916905444 0.4073999191265669 0.025787965616045846 0.01334411645774363
3 0.5005730659025788 0.3993125758188435 0.03151862464183381 0.015770319450060657
3 0.5060171919770774 0.3916295996765063 0.02865329512893983 0.015770319450060657
3 0.5263610315186247 0.398099474322685 0.0166189111747851 0.014961585119288313
3 0.5154727793696275 0.3821269712899313 0.018911174785100286 0.010513546300040437
3 0.5234957020057307 0.3760614638091387 0.029226361031518624 0.016174686615446826
3 0.5191977077363897 0.4253942579862515 0.01833810888252149 0.010513546300040437
3 0.505730659025788 0.4427820460978569 0.028080229226361032 0.015365952284674484
3 0.497134670487106 0.4490497371613425 0.02349570200573066 0.01334411645774363
3 0.39455587392550145 0.537808329963607 0.029226361031518624 0.014557217953902144
3 0.3865329512893983 0.5456934896886373 0.021203438395415473 0.010917913465426607
3 0.3802292263610315 0.552163364334816 0.025787965616045846 0.014152850788515973
3 0.37736389684813754 0.559239789729074 0.029226361031518624 0.016174686615446826
3 0.43638968481375356 0.6360695511524465 0.02005730659025788 0.011322280630812778
3 0.44183381088825213 0.63040841083704 0.017191977077363897 0.009704811969268095
3 0.45816618911174783 0.6318236959158916 0.014326647564469915 0.01334411645774363
3 0.44412607449856734 0.623331985442782 0.02177650429799427 0.011726647796198949
3 0.4495702005730659 0.6186817630408411 0.017765042979942695 0.009704811969268095
3 0.4532951289398281 0.6130206227254347 0.01833810888252149 0.010513546300040437
3 0.45702005730659023 0.6071572988273353 0.02005730659025788 0.010917913465426607
3 0.46045845272206304 0.601900525677315 0.021203438395415473 0.010917913465426607
3 0.4713467048710602 0.6150424585523655 0.014326647564469915 0.01293974929235746
3 0.401432664756447 0.5802668823291549 0.03037249283667622 0.015365952284674484
3 0.39340974212034385 0.5855236554791751 0.028080229226361032 0.015365952284674484
3 0.38739255014326646 0.5934088152042054 0.02521489971346705 0.014152850788515973
3 0.38080229226361034 0.6012939749292358 0.022349570200573064 0.011322280630812778
3 0.37679083094555876 0.6079660331581076 0.025787965616045846 0.014152850788515973
3 0.37106017191977075 0.6166599272139103 0.02349570200573066 0.01213101496158512
3 0.34097421203438394 0.6051354630004043 0.032091690544412604 0.016579053780832995
3 0.34699140401146134 0.5978568540234533 0.029226361031518624 0.014152850788515973
3 0.3535816618911175 0.5905782450465022 0.02865329512893983 0.014961585119288313
3 0.36074498567335245 0.5835018196522442 0.026934097421203437 0.014557217953902144
3 0.3673352435530086 0.5766275778406793 0.026361031518624643 0.015365952284674484
3 0.3699140401146132 0.5667205822887181 0.03037249283667622 0.016579053780832995
3 0.49169054441260746 0.4563283461382936 0.022922636103151862 0.01253538212697129
3 0.48796561604584526 0.4650222401940962 0.029226361031518624 0.016174686615446826
3 0.47936962750716333 0.471492114840275 0.02464183381088825 0.01293974929235746
3 0.5475644699140401 0.5481196926809543 0.02464183381088825 0.01334411645774363
3 0.5206303724928367 0.5384148807116862 0.025787965616045846 0.014152850788515973
3 0.5277936962750717 0.5293166194904974 0.024068767908309457 0.01213101496158512
3 0.5332378223495702 0.5222401940962393 0.02464183381088825 0.01253538212697129
3 0.5610315186246418 0.532955923978973 0.02521489971346705 0.013748483623129802
3 0.5524355300859599 0.5380105135463 0.019484240687679084 0.010109179134654266
3 0.5707736389684813 0.5246663970885564 0.024068767908309457 0.011726647796198949
3 0.540974212034384 0.5145572179539022 0.022922636103151862 0.01253538212697129
3 0.5707736389684813 0.516579053780833 0.02521489971346705 0.014152850788515973
3 0.545272206303725 0.5068742418115649 0.025787965616045846 0.014152850788515973
3 0.5495702005730659 0.49838253133845534 0.026361031518624643 0.014961585119288313
3 0.5776504297994269 0.5088960776384958 0.024068767908309457 0.01334411645774363
3 0.5558739255014327 0.4913061059441973 0.02521489971346705 0.013748483623129802
3 0.5641833810888253 0.48362312980186006 0.02349570200573066 0.01213101496158512
3 0.5911174785100286 0.4937323089365144 0.02464183381088825 0.01293974929235746
3 0.5965616045845272 0.48665588354225636 0.024068767908309457 0.01253538212697129
3 0.5679083094555873 0.47614233724221594 0.024068767908309457 0.01253538212697129
3 0.5727793696275072 0.4682571775171856 0.029226361031518624 0.015365952284674484
3 0.6011461318051576 0.47816417306914677 0.02177650429799427 0.011726647796198949
3 0.5856733524355301 0.45673271330367976 0.022922636103151862 0.01253538212697129
3 0.5799426934097421 0.46239385361908614 0.024068767908309457 0.01253538212697129
3 0.6300859598853868 0.4702790133441165 0.007449856733524355 0.014557217953902144
3 0.5160458452722063 0.545086938940558 0.022349570200573064 0.011322280630812778
3 0.5366762177650429 0.5628790942175496 0.025787965616045846 0.013748483623129802
3 0.47392550143266476 0.47998382531338457 0.02865329512893983 0.014557217953902144
3 0.532378223495702 0.5705620703598868 0.026361031518624643 0.014557217953902144
3 0.4707736389684814 0.48807116862110794 0.025787965616045846 0.01293974929235746
3 0.46131805157593125 0.4955519611807521 0.022922636103151862 0.01253538212697129
3 0.45644699140401146 0.5032349373230893 0.025787965616045846 0.014152850788515973
3 0.4518624641833811 0.5107157298827335 0.029226361031518624 0.014557217953902144
3 0.44527220630372494 0.5177921552769915 0.026361031518624643 0.014961585119288313
3 0.4369627507163324 0.5252729478366357 0.022349570200573064 0.01293974929235746
3 0.4349570200573066 0.533158107561666 0.024068767908309457 0.01334411645774363
3 0.429512893982808 0.5416498180347755 0.022349570200573064 0.011726647796198949
3 0.42464183381088827 0.5491306105944197 0.02865329512893983 0.015365952284674484
3 0.4177650429799427 0.5566114031540639 0.024068767908309457 0.01253538212697129
3 0.41002865329512894 0.5721795390214315 0.03037249283667622 0.016174686615446826
3 0.4747851002865329 0.5978568540234533 0.026934097421203437 0.014961585119288313
3 0.4813753581661891 0.5903760614638092 0.026361031518624643 0.013748483623129802
3 0.4859598853868195 0.5816821674080065 0.02979942693409742 0.015770319450060657
3 0.5100286532951289 0.5901738778811161 0.016045845272206302 0.008491710473109584
3 0.520916905444126 0.5839061868176304 0.01489971346704871 0.008087343307723413
3 0.49312320916905444 0.5746057420137485 0.026934097421203437 0.013748483623129802
3 0.4982808022922636 0.5675293166194905 0.025787965616045846 0.01253538212697129
3 0.5246418338108882 0.5774363121714516 0.026934097421203437 0.014557217953902144
3 0.5034383954154728 0.559441973311767 0.022349570200573064 0.011726647796198949
3 0.5091690544412607 0.5531742822482815 0.021203438395415473 0.011322280630812778
3 0.433810888252149 0.6413263243024666 0.017191977077363897 0.009704811969268095
3 0.428080229226361 0.6465830974524869 0.022922636103151862 0.01213101496158512
3 0.4220630372492837 0.6732713303679742 0.04527220630372493 0.02587949858471492
3 0.4157593123209169 0.1803477557622321 0.008595988538681949 0.015365952284674484
3 0.428080229226361 0.19045693489688637 0.019484240687679084 0.00646987464617873
3 0.42406876790830944 0.2383744439951476 0.02177650429799427 0.02466639708855641
3 0.394269340974212 0.246461787302871 0.03667621776504298 0.016579053780832995
3 0.4045845272206304 0.23534169025475132 0.010315186246418338 0.011322280630812778
3 0.2885386819484241 0.5052567731500203 0.03151862464183381 0.032753740396279825
3 0.19083094555873925 0.5881520420541853 0.027507163323782235 0.01334411645774363
3 0.2146131805157593 0.5942175495349777 0.021203438395415473 0.010109179134654266
3 0.19340974212034384 0.6031136271734735 0.04871060171919771 0.023857662757784066
3 0.1512893982808023 0.6205014152850789 0.011461318051575931 0.011726647796198949
3 0.1808022922636103 0.6156490093004447 0.03724928366762178 0.01900525677315002
3 0.09025787965616046 0.727254346947028 0.02464183381088825 0.009300444803881924
3 0.07363896848137536 0.7563687828548322 0.025787965616045846 0.014152850788515973
3 0.1 0.7660735948241003 0.025787965616045846 0.01253538212697129
3 0.09484240687679082 0.7794177112818439 0.03610315186246418 0.017387788111605337
3 0.08939828080229226 0.7856854023453296 0.024068767908309457 0.01213101496158512
3 0.08395415472779369 0.7923574605742014 0.026934097421203437 0.01253538212697129
3 0.07851002865329514 0.7992317023857662 0.027507163323782235 0.01334411645774363
3 0.0670487106017192 0.7816417306914678 0.01489971346704871 0.015365952284674484
3 0.05673352435530086 0.8204609785685403 0.03896848137535817 0.020218358269308533
3 0.04469914040114613 0.8063081277800243 0.019484240687679084 0.009704811969268095
3 0.20687679083094557 0.8997169429842297 0.026361031518624643 0.01293974929235746
3 0.40372492836676216 0.1845936109987869 0.009742120343839542 0.014152850788515973
3 0.40744985673352435 0.17226041245450868 0.011461318051575931 0.01293974929235746
3 0.1808022922636103 0.8908208653457339 0.028080229226361032 0.013748483623129802
3 0.3853868194842407 0.1734735139506672 0.021203438395415473 0.005661140315406389
4 0.11404011461318052 0.6821674080064699 0.05845272206303725 0.0881520420541852
4 0.18997134670487106 0.6103922361504246 0.08194842406876791 0.06752931661949049
4 0.24527220630372493 0.7555600485240599 0.2166189111747851 0.23736352608168218
4 0.3249283667621776 0.7864941366761019 0.18108882521489972 0.2191670036393045
4 0.19025787965616045 0.8887990295188031 0.08710601719197708 0.04448038819247877
4 0.4446991404011461 0.04670440760210271 0.0492836676217765 0.06914678528103518
4 0.39856733524355303 0.23311767084512738 0.05100286532951289 0.029518803073190457
4 0.5951289398280802 0.1886372826526486 0.08194842406876791 0.1475940153659523
4 0.6146131805157593 0.36676101900525676 0.09455587392550144 0.18358269308532146
4 0.4432664756446991 0.4985847149211484 0.2332378223495702 0.2523251112009705
4 0.5406876790830946 0.5359886777193692 0.16103151862464182 0.15729882733522038
4 0.6243553008595989 0.5725839061868176 0.12091690544412607 0.13182369591589163
4 0.66189111747851 0.6773150020218358 0.08710601719197708 0.04286291953093409
4 0.6813753581661891 0.7434290335624747 0.11346704871060172 0.0343712090578245
4 0.6853868194842407 0.7982207844723008 0.11575931232091691 0.033966841892438336
4 0.6876790830945558 0.8534169025475131 0.12034383954154727 0.03356247472705216
3 0.2659025787965616 0.06570966437525273 0.009169054441260744 0.022240194096239386
3 0.45272206303724927 0.07844723008491711 0.01833810888252149 0.005661140315406389
3 0.4673352435530086 0.036999595632834614 0.008595988538681949 0.010917913465426607
3 0.4487106017191977 0.14092195713708047 0.016045845272206302 0.021431459765467044
3 0.38997134670487105 0.1500202183582693 0.02005730659025788 0.010513546300040437
3 0.21088825214899715 0.8879902951880307 0.027507163323782235 0.013748483623129802
3 0.15759312320916904 0.8825313384553174 0.022922636103151862 0.01253538212697129
3 0.34326647564469914 0.649211484027497 0.01833810888252149 0.009300444803881924
3 0.25616045845272206 0.7682976142337242 0.02521489971346705 0.01293974929235746
3 0.2641833810888252 0.7523251112009705 0.024068767908309457 0.01253538212697129
3 0.2355300859598854 0.7426202992317024 0.032091690544412604 0.017387788111605337
3 0.24383954154727794 0.7355438738374444 0.029226361031518624 0.016174686615446826
3 0.270487106017192 0.7444399514759401 0.020630372492836675 0.011322280630812778
3 0.27593123209169057 0.7381722604124545 0.021203438395415473 0.011726647796198949
3 0.2507163323782235 0.727254346947028 0.028080229226361032 0.014961585119288313
3 0.2558739255014327 0.720380105135463 0.021203438395415473 0.011726647796198949
3 0.2830945558739255 0.7317023857662758 0.02521489971346705 0.014152850788515973
3 0.28796561604584525 0.7244237767893247 0.028080229226361032 0.014961585119288313
3 0.29083094555873923 0.7175495349777598 0.02349570200573066 0.01253538212697129
3 0.2974212034383954 0.7116862110796603 0.027507163323782235 0.014557217953902144
3 0.2670487106017192 0.7040032349373231 0.027507163323782235 0.015365952284674484
3 0.2782234957020057 0.6862110796603316 0.032664756446991405 0.016983420946219168
3 0.2839541547277937 0.6775171856045289 0.032664756446991405 0.017387788111605337
3 0.31547277936962753 0.6858067124949454 0.022349570200573064 0.01213101496158512
3 0.29283667621776505 0.6714516781237364 0.027507163323782235 0.014961585119288313
3 0.2979942693409742 0.6619490497371613 0.02177650429799427 0.011322280630812778
3 0.3031518624641834 0.6554791750909826 0.02521489971346705 0.01293974929235746
3 0.32664756446991405 0.6716538617064295 0.027507163323782235 0.014557217953902144
3 0.30630372492836677 0.6457743631217145 0.03495702005730659 0.01860088960776385
3 0.3186246418338109 0.6405175899716943 0.02177650429799427 0.011322280630812778
3 0.25959885386819487 0.7596037201779215 0.024068767908309457 0.01334411645774363
3 0.22836676217765042 0.7507076425394258 0.026934097421203437 0.014152850788515973
3 0.17163323782234957 0.8754549130610595 0.022349570200573064 0.011322280630812778
3 0.22521489971346706 0.758390618681763 0.027507163323782235 0.015770319450060657
3 0.1833810888252149 0.8665588354225637 0.0332378223495702 0.016174686615446826
3 0.18653295128939829 0.8574605742013749 0.02464183381088825 0.01334411645774363
3 0.2481375358166189 0.8859684593610999 0.017191977077363897 0.009704811969268095
3 0.2504297994269341 0.8788920339668419 0.02177650429799427 0.011726647796198949
3 0.25530085959885385 0.8750505458956733 0.021203438395415473 0.01213101496158512
3 0.198567335243553 0.843712090578245 0.025787965616045846 0.01334411645774363
3 0.1630372492836676 0.8394662353416903 0.03037249283667622 0.016983420946219168
3 0.17736389684813753 0.8241002830570158 0.028080229226361032 0.014557217953902144
3 0.21289398280802294 0.8230893651435504 0.029226361031518624 0.014961585119288313
3 0.18051575931232092 0.8141932875050546 0.032091690544412604 0.017387788111605337
3 0.19169054441260744 0.8079255964415689 0.02349570200573066 0.01293974929235746
3 0.19541547277936963 0.8004448038819247 0.02521489971346705 0.014152850788515973
3 0.22234957020057305 0.8085321471896482 0.02521489971346705 0.01334411645774363
3 0.22893982808022922 0.8012535382126972 0.025787965616045846 0.01334411645774363
3 0.20401146131805156 0.7919530934088153 0.02177650429799427 0.011726647796198949
3 0.20458452722063036 0.7812373635260816 0.034383954154727794 0.01860088960776385
3 0.23954154727793697 0.7879094217549535 0.02865329512893983 0.015770319450060657
3 0.23467048710601718 0.7943792964011323 0.02349570200573066 0.01334411645774363
3 0.24183381088825215 0.7802264456126162 0.020630372492836675 0.010917913465426607
3 0.2504297994269341 0.7751718560452892 0.02521489971346705 0.013748483623129802
3 0.2186246418338109 0.7678932470683381 0.025787965616045846 0.013748483623129802
3 0.6157593123209169 0.45915891629599676 0.021203438395415473 0.00606550748079256
3 0.6143266475644699 0.44965628790942175 0.027507163323782235 0.007278608976951072
3 0.6108882521489971 0.4397492923574606 0.034383954154727794 0.008491710473109584
3 0.7134670487106017 0.7505054589567327 0.006876790830945559 0.01213101496158512
3 0.6974212034383954 0.7523251112009705 0.006876790830945559 0.014152850788515973
3 0.6893982808022923 0.7515163768701981 0.0057306590257879654 0.01253538212697129
3 0.6816618911174785 0.7525272947836635 0.006303724928366762 0.01213101496158512
3 0.673352435530086 0.7525272947836635 0.008022922636103151 0.013748483623129802
3 0.6644699140401146 0.7525272947836635 0.008595988538681949 0.01293974929235746
3 0.6570200573065903 0.7539425798625151 0.007449856733524355 0.014961585119288313
3 0.6478510028653295 0.7531338455317428 0.007449856733524355 0.014152850788515973
3 0.6404011461318052 0.7541447634452082 0.008595988538681949 0.015365952284674484
3 0.6888252148997135 0.7365547917509099 0.006876790830945559 0.01253538212697129
3 0.6805157593123209 0.7363526081682168 0.007449856733524355 0.01293974929235746
3 0.6722063037249284 0.7361504245855237 0.006876790830945559 0.01253538212697129
3 0.6638968481375358 0.7365547917509099 0.006303724928366762 0.01253538212697129
3 0.6564469914040114 0.7359482410028305 0.008595988538681949 0.015365952284674484
3 0.6472779369627507 0.7371613424989891 0.007449856733524355 0.01213101496158512
3 0.6389684813753582 0.7365547917509099 0.006876790830945559 0.011726647796198949
3 0.6297994269340974 0.7373635260816822 0.008022922636103151 0.01253538212697129
3 0.6796561604584527 0.8069146785281035 0.008022922636103151 0.014152850788515973
3 0.6868194842406877 0.8061059441973312 0.007449856733524355 0.01334411645774363
3 0.6962750716332379 0.8065103113627173 0.009169054441260744 0.014152850788515973
3 0.7042979942693409 0.8063081277800243 0.006876790830945559 0.013748483623129802
3 0.712893982808023 0.8067124949454104 0.006876790830945559 0.015365952284674484
3 0.7068767908309456 0.7519207440355843 0.007449856733524355 0.014961585119288313
3 0.7229226361031519 0.7503032753740396 0.006303724928366762 0.01253538212697129
3 0.7286532951289398 0.8061059441973312 0.007449856733524355 0.015770319450060657
3 0.730945558739255 0.7507076425394258 0.007449856733524355 0.01334411645774363
3 0.6257879656160459 0.6880307319045693 0.008022922636103151 0.01334411645774363
3 0.6349570200573066 0.6904569348968864 0.008022922636103151 0.014152850788515973
3 0.6432664756446992 0.6884350990699555 0.008595988538681949 0.015770319450060657
3 0.6535816618911174 0.689648200566114 0.010888252148997135 0.021431459765467044
3 0.6616045845272206 0.6878285483218762 0.007449856733524355 0.016983420946219168
3 0.6716332378223495 0.6890416498180347 0.006876790830945559 0.020218358269308533
3 0.6793696275071633 0.6884350990699555 0.009742120343839542 0.015770319450060657
3 0.6888252148997135 0.6870198139911039 0.008022922636103151 0.016174686615446826
3 0.6779369627507164 0.6670036393044885 0.010315186246418338 0.01819652244237768
3 0.6873925501432665 0.6663970885564092 0.008595988538681949 0.015365952284674484
3 0.6979942693409742 0.6870198139911039 0.006876790830945559 0.01213101496158512
3 0.7074498567335243 0.6856045289122523 0.009742120343839542 0.016579053780832995
3 0.7060171919770774 0.66841892438334 0.009169054441260744 0.017792155276991507
3 0.695702005730659 0.6653861706429438 0.010315186246418338 0.016579053780832995
3 0.6968481375358166 0.7353416902547513 0.006876790830945559 0.014152850788515973
3 0.7051575931232091 0.7341285887585928 0.007449856733524355 0.014961585119288313
3 0.7126074498567335 0.7335220380105135 0.008595988538681949 0.015365952284674484
3 0.7220630372492837 0.7345329559239789 0.008022922636103151 0.01334411645774363
3 0.7289398280802293 0.7333198544278204 0.009169054441260744 0.015770319450060657
3 0.7383954154727793 0.7327133036797412 0.008595988538681949 0.01213101496158512
3 0.7404011461318052 0.7501010917913465 0.008022922636103151 0.015365952284674484
3 0.7209169054441261 0.8063081277800243 0.006876790830945559 0.011322280630812778
3 0.7361031518624642 0.8061059441973312 0.007449856733524355 0.014961585119288313
3 0.6590257879656161 0.6670036393044885 0.009169054441260744 0.01981399110392236
3 0.6905444126074498 0.843712090578245 0.006876790830945559 0.011726647796198949
3 0.7065902578796561 0.8429033562474727 0.006876790830945559 0.01253538212697129
3 0.716618911174785 0.8422968054993935 0.009742120343839542 0.016174686615446826
3 0.7234957020057307 0.8427011726647796 0.006303724928366762 0.01293974929235746
3 0.732378223495702 0.843509906995552 0.006876790830945559 0.01293974929235746
3 0.7404011461318052 0.8429033562474727 0.0057306590257879654 0.011726647796198949
3 0.7495702005730659 0.8422968054993935 0.008022922636103151 0.013748483623129802
3 0.7504297994269341 0.8590780428629196 0.008595988538681949 0.016579053780832995
3 0.7404011461318052 0.8594824100283057 0.008022922636103151 0.01334411645774363
3 0.7329512893982808 0.860088960776385 0.006876790830945559 0.013748483623129802
3 0.7234957020057307 0.8615042458552366 0.007449856733524355 0.016579053780832995
3 0.7163323782234957 0.8604933279417711 0.0057306590257879654 0.011322280630812778
3 0.7074498567335243 0.8604933279417711 0.008595988538681949 0.014557217953902144
3 0.6997134670487106 0.8608976951071573 0.006876790830945559 0.014557217953902144
3 0.6830945558739255 0.8615042458552366 0.006876790830945559 0.011726647796198949
3 0.6744985673352436 0.8635260816821674 0.008022922636103151 0.014961585119288313
3 0.6507163323782235 0.8629195309340881 0.008595988538681949 0.016174686615446826
3 0.6412607449856733 0.8621107966033158 0.006876790830945559 0.011322280630812778
3 0.20372492836676218 0.5572179539021431 0.09226361031518625 0.040436716538617065
3 0.09054441260744986 0.30105135463000404 0.011461318051575931 0.01334411645774363
3 0.08108882521489971 0.3044884755357865 0.010888252148997135 0.011322280630812778
3 0.4134670487106017 0.6926809543065103 0.017765042979942695 0.017792155276991507
3 0.6988538681948424 0.8439142741609381 0.007449856733524355 0.01293974929235746
3 0.6828080229226361 0.843509906995552 0.007449856733524355 0.016174686615446826
3 0.7458452722063037 0.805701577031945 0.007449856733524355 0.014152850788515973
3 0.673352435530086 0.8441164577436312 0.008022922636103151 0.014152850788515973
3 0.7455587392550144 0.7877072381722604 0.009169054441260744 0.016174686615446826
3 0.7358166189111748 0.7881116053376466 0.006876790830945559 0.01293974929235746
3 0.7275071633237822 0.7893247068338051 0.006303724928366762 0.01293974929235746
3 0.7191977077363897 0.7887181560857258 0.006876790830945559 0.01334411645774363
3 0.7108882521489971 0.7895268904164982 0.008595988538681949 0.01253538212697129
3 0.7025787965616046 0.7893247068338051 0.008022922636103151 0.013748483623129802
3 0.6954154727793697 0.7893247068338051 0.008595988538681949 0.015365952284674484
3 0.6865329512893983 0.7899312575818843 0.006876790830945559 0.011726647796198949
3 0.6699140401146132 0.7895268904164982 0.008022922636103151 0.014961585119288313
3 0.6702005730659025 0.8077234128588758 0.007449856733524355 0.015770319450060657
3 0.6627507163323783 0.8077234128588758 0.007449856733524355 0.014961585119288313
3 0.6535816618911174 0.8075212292761828 0.007449856733524355 0.013748483623129802
3 0.6455587392550143 0.8079255964415689 0.006303724928366762 0.01213101496158512
3 0.6361031518624641 0.8085321471896482 0.009169054441260744 0.014961585119288313
3 0.6446991404011462 0.7909421754953497 0.008022922636103151 0.013748483623129802
3 0.6532951289398281 0.7913465426607359 0.006876790830945559 0.01213101496158512
3 0.6363896848137536 0.7907399919126566 0.006303724928366762 0.011726647796198949
3 0.6406876790830945 0.8455317428224828 0.008022922636103151 0.01293974929235746
3 0.6492836676217765 0.8463404771532551 0.006876790830945559 0.01213101496158512
3 0.6573065902578796 0.8463404771532551 0.006876790830945559 0.011322280630812778
3 0.6656160458452722 0.8441164577436312 0.006303724928366762 0.010917913465426607
3 0.6693409742120344 0.6665992721391023 0.009169054441260744 0.015770319450060657
3 0.6512893982808023 0.6702385766275778 0.006303724928366762 0.011726647796198949
3 0.6103151862464183 0.43065103113627173 0.027507163323782235 0.008087343307723413
3 0.5805157593123209 0.12171451678123736 0.04355300859598854 0.011322280630812778
3 0.6214899713467049 0.13141932875050547 0.02005730659025788 0.008087343307723413
3 0.6186246418338109 0.13566518398706026 0.017765042979942695 0.005256773150020219
3 0.6206303724928367 0.14355034371209058 0.024068767908309457 0.007278608976951072
3 0.6174785100286533 0.1542660735948241 0.025787965616045846 0.00606550748079256
3 0.6191977077363897 0.16316215123331984 0.029226361031518624 0.007682976142337242
3 0.6183381088825215 0.168216740800647 0.016045845272206302 0.004852405984634048
3 0.6166189111747851 0.1750909826122119 0.024068767908309457 0.007278608976951072
3 0.5759312320916905 0.18216740800646988 0.03896848137535817 0.009300444803881924
3 0.573352435530086 0.1926809543065103 0.044126074498567334 0.010109179134654266
3 0.6163323782234957 0.19065911847957945 0.02349570200573066 0.007682976142337242
3 0.6160458452722063 0.19510715729882733 0.01833810888252149 0.006874241811564901
3 0.6151862464183381 0.20177921552769915 0.018911174785100286 0.005661140315406389
3 0.6134670487106018 0.21512333198544278 0.017765042979942695 0.004852405984634048
3 0.6134670487106018 0.22199757379700769 0.02349570200573066 0.00646987464617873
3 0.6123209169054441 0.23392640517589972 0.025787965616045846 0.006874241811564901
3 0.5750716332378224 0.22927618277395875 0.03495702005730659 0.008896077638495753
3 0.5742120343839542 0.23857662757784068 0.03667621776504298 0.008896077638495753
3 0.6094555873925501 0.24181156490093003 0.022349570200573064 0.007278608976951072
3 0.6094555873925501 0.2547513141932875 0.021203438395415473 0.00646987464617873
3 0.6071633237822349 0.2612211888394662 0.02464183381088825 0.00646987464617873
3 0.5684813753581662 0.25313384553174284 0.042406876790830945 0.009704811969268095
3 0.6243553008595989 0.12312980186008896 0.021203438395415473 0.006874241811564901
3 0.6008595988538682 0.11079660331581076 0.04871060171919771 0.011322280630812778
3 0.6166189111747851 0.27335220380105135 0.024068767908309457 0.008087343307723413
3 0.601432664756447 0.35402345329559237 0.03151862464183381 0.010109179134654266
3 0.6083094555873926 0.4201374848362313 0.033810888252149 0.007278608976951072
3 0.6429799426934097 0.4160938131823696 0.024068767908309457 0.007278608976951072
3 0.6421203438395415 0.43348160129397495 0.02349570200573066 0.00646987464617873
3 0.6458452722063037 0.44136676101900524 0.02865329512893983 0.007682976142337242
3 0.6475644699140402 0.450262838657501 0.020630372492836675 0.00606550748079256
3 0.6521489971346704 0.45794581479983826 0.032091690544412604 0.007682976142337242
3 0.6504297994269341 0.4672462596037202 0.027507163323782235 0.01334411645774363
3 0.6527220630372493 0.47432268499797814 0.01833810888252149 0.005661140315406389
3 0.6392550143266476 0.4067933683784877 0.02349570200573066 0.007278608976951072
3 0.6378223495702006 0.3993125758188435 0.020630372492836675 0.00606550748079256
3 0.635243553008596 0.3936514355034371 0.017765042979942695 0.005256773150020219
3 0.6060171919770774 0.4013344116457744 0.03495702005730659 0.008491710473109584
3 0.6054441260744986 0.39344925192074404 0.03037249283667622 0.007278608976951072
3 0.6358166189111748 0.3871815608572584 0.021203438395415473 0.00606550748079256
3 0.6358166189111748 0.3813182369591589 0.021203438395415473 0.00646987464617873
3 0.6034383954154727 0.38253133845531745 0.032091690544412604 0.008087343307723413
3 0.6022922636103152 0.3732308936514355 0.0332378223495702 0.008896077638495753
3 0.6343839541547278 0.374443995147594 0.020630372492836675 0.005661140315406389
3 0.6318051575931232 0.3623129801860089 0.02005730659025788 0.00646987464617873
3 0.6312320916905444 0.3564496562879094 0.021203438395415473 0.00606550748079256
3 0.5968481375358167 0.36352608168216743 0.038395415472779366 0.010513546300040437
3 0.5707736389684813 0.2620299231702386 0.034383954154727794 0.008087343307723413
3 0.5785100286532951 0.2755762232106753 0.04756446991404011 0.010917913465426607
3 0.6426934097421203 0.6688232915487262 0.009742120343839542 0.015365952284674484
3 0.6524355300859599 0.5547917509098261 0.025787965616045846 0.01293974929235746
3 0.6415472779369628 0.5715729882733522 0.02464183381088825 0.01253538212697129
3 0.63810888252149 0.5798625151637687 0.026934097421203437 0.01213101496158512
3 0.6318051575931232 0.5863323898099474 0.026934097421203437 0.01213101496158512
3 0.6269340974212034 0.5950262838657501 0.026361031518624643 0.01334411645774363
3 0.6217765042979942 0.601900525677315 0.024068767908309457 0.011726647796198949
3 0.6186246418338109 0.6105944197331177 0.028080229226361032 0.01293974929235746
3 0.6148997134670487 0.618479579458148 0.02521489971346705 0.010917913465426607
3 0.5856733524355301 0.6164577436312172 0.019484240687679084 0.010109179134654266
3 0.5845272206303725 0.6095835018196523 0.022922636103151862 0.010917913465426607
3 0.5905444126074498 0.6027092600080873 0.025787965616045846 0.01253538212697129
3 0.5936962750716333 0.5942175495349777 0.02865329512893983 0.014152850788515973
3 0.6 0.5871411241407197 0.02521489971346705 0.01213101496158512
3 0.6037249283667622 0.578245046502224 0.026934097421203437 0.01293974929235746
3 0.6080229226361031 0.5711686211079661 0.027507163323782235 0.01334411645774363
3 0.6146131805157593 0.5624747270521634 0.02349570200573066 0.011322280630812778
3 0.6191977077363897 0.5549939344925192 0.026934097421203437 0.01334411645774363
3 0.6229226361031519 0.5467044076021027 0.02979942693409742 0.014557217953902144
3 0.6295128939828081 0.5400323493732309 0.02464183381088825 0.01253538212697129
3 0.6312320916905444 0.5307319045693489 0.025787965616045846 0.01253538212697129
3 0.6389684813753582 0.5242620299231703 0.02177650429799427 0.011726647796198949
3 0.6243553008595989 0.6680145572179539 0.010888252148997135 0.013748483623129802
3 0.6464183381088825 0.563890012131015 0.024068767908309457 0.011726647796198949
3 0.6547277936962751 0.5481196926809543 0.02349570200573066 0.010917913465426607
3 0.5816618911174785 0.2862919530934088 0.042406876790830945 0.01213101496158512
3 0.6567335243553009 0.5416498180347755 0.020630372492836675 0.009300444803881924
3 0.5862464183381089 0.2949858471492115 0.042406876790830945 0.01334411645774363
3 0.619484240687679 0.28042862919530936 0.01833810888252149 0.00606550748079256
3 0.6217765042979942 0.2931661949049737 0.019484240687679084 0.005661140315406389
3 0.6214899713467049 0.29963606955115246 0.02005730659025788 0.00646987464617873
3 0.625214899713467 0.3054993934492519 0.02177650429799427 0.006874241811564901
3 0.6263610315186247 0.3113627173473514 0.022922636103151862 0.007278608976951072
3 0.6249283667621777 0.3184391427416094 0.02005730659025788 0.00606550748079256
3 0.626647564469914 0.32410028305701577 0.021203438395415473 0.006874241811564901
3 0.6277936962750716 0.3311767084512738 0.022349570200573064 0.007278608976951072
3 0.6263610315186247 0.3376465830974525 0.017191977077363897 0.005661140315406389
3 0.5896848137535816 0.3044884755357865 0.03553008595988539 0.008896077638495753
3 0.5925501432664756 0.3156085725839062 0.03553008595988539 0.008491710473109584
3 0.5919770773638968 0.3238980994743227 0.0332378223495702 0.007278608976951072
3 0.591404011461318 0.33380509502628386 0.04469914040114613 0.010917913465426607
3 0.5931232091690545 0.3439142741609381 0.04355300859598854 0.010917913465426607
3 0.6309455587392551 0.34350990699555195 0.017191977077363897 0.00606550748079256
3 0.6481375358166189 0.5090982612211888 0.024068767908309457 0.01213101496158512
3 0.6429799426934097 0.5157703194500607 0.026361031518624643 0.01334411645774363
3 0.6679083094555874 0.5226445612616255 0.022349570200573064 0.010917913465426607
3 0.6644699140401146 0.5291144359078043 0.018911174785100286 0.009300444803881924
3 0.660458452722063 0.5351799433885969 0.022349570200573064 0.010917913465426607
4 0.07736389684813753 0.786696320258795 0.07679083094555873 0.0715729882733522
