3 0.4530360531309298 0.733704292527822 0.018026565464895637 0.02066772655007949
3 0.22106261859582543 0.6881293057763646 0.015180265654648957 0.02278749337572867
3 0.19497153700189754 0.6197668256491786 0.016129032258064516 0.02278749337572867
3 0.17647058823529413 0.6208267090620032 0.015180265654648957 0.02384737678855326
3 0.15986717267552183 0.6232114467408585 0.014231499051233396 0.024377318494965553
3 0.17362428842504743 0.5924748277689454 0.015180265654648957 0.022257551669316374
3 0.15607210626185958 0.5948595654478007 0.016129032258064516 0.02278749337572867
3 0.13709677419354838 0.5948595654478007 0.018026565464895637 0.02384737678855326
3 0.16840607210626185 0.68706942236354 0.016129032258064516 0.02172760996290408
3 0.1859582542694497 0.6878643349231585 0.015180265654648957 0.020137784843667197
3 0.20256166982922202 0.6883942766295708 0.014231499051233396 0.021197668256491786
3 0.23766603415559773 0.6849496555378908 0.016129032258064516 0.02066772655007949
3 0.29079696394686905 0.6838897721250663 0.016129032258064516 0.02384737678855326
3 0.25521821631878555 0.6838897721250663 0.015180265654648957 0.02172760996290408
3 0.1532258064516129 0.7199258081611023 0.018026565464895637 0.0196078431372549
3 0.17267552182163187 0.7188659247482777 0.017077798861480076 0.02172760996290408
3 0.18927893738140417 0.7180710121886592 0.016129032258064516 0.021197668256491786
3 0.2073055028462998 0.7170111287758346 0.016129032258064516 0.020137784843667197
3 0.22485768500948766 0.71595124536301 0.013282732447817837 0.020137784843667197
3 0.2428842504743833 0.714096449390567 0.017077798861480076 0.02278749337572867
3 0.25996204933586337 0.714096449390567 0.017077798861480076 0.02384737678855326
3 0.27751423149905124 0.7135665076841547 0.016129032258064516 0.02278749337572867
3 0.19022770398481972 0.5927397986221515 0.016129032258064516 0.02384737678855326
3 0.2077798861480076 0.5924748277689454 0.017077798861480076 0.024377318494965553
3 0.22533206831119545 0.5911499735029146 0.016129032258064516 0.02278749337572867
3 0.24335863377609107 0.5900900900900901 0.016129032258064516 0.02066772655007949
3 0.12950664136622392 0.5060943296237413 0.021821631878557873 0.006359300476947536
3 0.1157495256166983 0.49019607843137253 0.011385199240986717 0.01589825119236884
3 0.1627134724857685 0.49973502914679385 0.016129032258064516 0.019077901430842606
3 0.1816888045540797 0.4960254372019078 0.018026565464895637 0.024377318494965553
3 0.20066413662239088 0.49523052464228934 0.018026565464895637 0.02490726020137785
3 0.22011385199240988 0.4939056703762586 0.015180265654648957 0.024377318494965553
3 0.2405123339658444 0.4939056703762586 0.016129032258064516 0.022257551669316374
3 0.33586337760910817 0.5961844197138315 0.018975332068311195 0.04133545310015898
3 0.31736242884250476 0.6147323794382618 0.016129032258064516 0.020137784843667197
3 0.3002846299810247 0.6144674085850557 0.016129032258064516 0.02066772655007949
3 0.2813092979127135 0.6163222045574986 0.016129032258064516 0.025437201907790145
3 0.2647058823529412 0.6173820879703232 0.013282732447817837 0.023317435082140965
3 0.2476280834914611 0.6195018547959724 0.015180265654648957 0.021197668256491786
3 0.2314990512333966 0.6195018547959724 0.015180265654648957 0.024377318494965553
3 0.21110056925996204 0.6200317965023847 0.016129032258064516 0.025437201907790145
3 0.31404174573055027 0.5879703232644409 0.013282732447817837 0.02278749337572867
3 0.29601518026565465 0.5869104398516163 0.015180265654648957 0.02172760996290408
3 0.27798861480075904 0.5874403815580286 0.015180265654648957 0.02066772655007949
3 0.26091081593927895 0.5885002649708532 0.017077798861480076 0.025967143614202437
3 0.27466793168880455 0.6846846846846847 0.016129032258064516 0.024377318494965553
3 0.29506641366223907 0.7119766825649179 0.015180265654648957 0.0196078431372549
3 0.14563567362428842 0.5280869104398516 0.016129032258064516 0.02490726020137785
3 0.400853889943074 0.9321674615792263 0.04079696394686907 0.06995230524642289
3 0.23624288425047438 0.7734499205087441 0.013282732447817837 0.0196078431372549
3 0.2215370018975332 0.7747747747747747 0.014231499051233396 0.018018018018018018
3 0.2049335863377609 0.7760996290408055 0.013282732447817837 0.018547959724430314
3 0.19070208728652752 0.7763645998940116 0.013282732447817837 0.018018018018018018
3 0.17836812144212524 0.7779544250132485 0.011385199240986717 0.01589825119236884
3 0.27988614800759015 0.8497615262321144 0.013282732447817837 0.016428192898781134
3 0.29554079696394686 0.8492315845257021 0.014231499051233396 0.02278749337572867
3 0.31499051233396586 0.848966613672496 0.017077798861480076 0.020137784843667197
3 0.3515180265654649 0.8473767885532592 0.014231499051233396 0.023317435082140965
3 0.6546489563567363 0.8574456809750928 0.017077798861480076 0.021197668256491786
3 0.3135673624288425 0.712241653418124 0.016129032258064516 0.024377318494965553
3 0.6665085388994307 0.8524112347641759 0.012333965844402278 0.015368309485956544
3 0.6892789373814042 0.8518812930577636 0.010436432637571158 0.014308426073131956
3 0.7030360531309298 0.8502914679385267 0.007590132827324478 0.013248542660307366
3 0.7158444022770398 0.8502914679385267 0.010436432637571158 0.016428192898781134
3 0.75853889943074 0.8500264970853206 0.014231499051233396 0.01695813460519343
3 0.7390891840607211 0.8304186539480657 0.011385199240986717 0.01483836777954425
3 0.7267552182163188 0.8312135665076842 0.011385199240986717 0.014308426073131956
3 0.713472485768501 0.8317435082140965 0.011385199240986717 0.015368309485956544
3 0.7006641366223909 0.8317435082140965 0.010436432637571158 0.014308426073131956
3 0.2504743833017078 0.7739798622151564 0.013282732447817837 0.016428192898781134
3 0.2647058823529412 0.7723900370959195 0.013282732447817837 0.018547959724430314
3 0.27988614800759015 0.7718600953895072 0.015180265654648957 0.02066772655007949
3 0.29506641366223907 0.7710651828298887 0.013282732447817837 0.020137784843667197
3 0.3301707779886148 0.7109167991520933 0.015180265654648957 0.02066772655007949
3 0.30787476280834913 0.6836248012718601 0.014231499051233396 0.020137784843667197
3 0.32637571157495254 0.6822999470058294 0.015180265654648957 0.02278749337572867
3 0.3439278937381404 0.678060413354531 0.016129032258064516 0.02172760996290408
3 0.3581593927893738 0.7692103868574457 0.014231499051233396 0.02278749337572867
3 0.3605313092979127 0.7930577636459989 0.013282732447817837 0.02066772655007949
3 0.3425047438330171 0.7927927927927928 0.013282732447817837 0.022257551669316374
3 0.32874762808349145 0.7938526762056174 0.016129032258064516 0.021197668256491786
3 0.31404174573055027 0.7930577636459989 0.011385199240986717 0.016428192898781134
3 0.29886148007590135 0.7943826179120297 0.013282732447817837 0.018018018018018018
3 0.2846299810246679 0.7954425013248543 0.013282732447817837 0.018018018018018018
3 0.26992409867172673 0.796767355590885 0.016129032258064516 0.0196078431372549
3 0.25379506641366223 0.7959724430312666 0.014231499051233396 0.019077901430842606
3 0.23861480075901328 0.7978272390037096 0.016129032258064516 0.02172760996290408
3 0.2239089184060721 0.7975622681505035 0.013282732447817837 0.01695813460519343
3 0.20872865275142316 0.7983571807101218 0.011385199240986717 0.015368309485956544
3 0.3410815939278937 0.769740328563858 0.014231499051233396 0.018547959724430314
3 0.32447817836812143 0.7700052994170641 0.013282732447817837 0.019077901430842606
3 0.3111954459203036 0.7694753577106518 0.011385199240986717 0.01589825119236884
3 0.127134724857685 0.530471648118707 0.017077798861480076 0.026497085320614733
3 0.16698292220113853 0.5246422893481717 0.013282732447817837 0.022257551669316374
3 0.43690702087286526 0.12639109697933226 0.031309297912713474 0.00688924218335983
3 0.2329222011385199 0.09247482776894542 0.012333965844402278 0.018547959724430314
3 0.170303605313093 0.14626391096979333 0.029411764705882353 0.006359300476947536
3 0.18263757115749527 0.15527291997880233 0.03889943074003795 0.009538950715421303
3 0.18975332068311196 0.13778484366719662 0.013282732447817837 0.018018018018018018
3 0.2049335863377609 0.13672496025437203 0.013282732447817837 0.018018018018018018
3 0.22058823529411764 0.13725490196078433 0.016129032258064516 0.018018018018018018
3 0.170303605313093 0.09750927397986221 0.018026565464895637 0.020137784843667197
3 0.1859582542694497 0.09379968203497616 0.017077798861480076 0.020137784843667197
3 0.20161290322580644 0.09353471118177001 0.014231499051233396 0.0196078431372549
3 0.2167931688804554 0.09300476947535771 0.012333965844402278 0.0196078431372549
3 0.24430740037950663 0.09088500264970853 0.010436432637571158 0.014308426073131956
3 0.13045540796963948 0.2652358240593535 0.023719165085388995 0.033386327503974564
3 0.26328273244781786 0.09353471118177001 0.012333965844402278 0.018547959724430314
3 0.2670777988614801 0.1147323794382618 0.014231499051233396 0.02066772655007949
3 0.2713472485768501 0.13910969793322733 0.017077798861480076 0.02172760996290408
3 0.24810246679316889 0.15368309485956544 0.025616698292220113 0.04239533651298357
3 0.27751423149905124 0.169051404345522 0.018026565464895637 0.024377318494965553
3 0.1859582542694497 0.18733439321674616 0.036053130929791274 0.009009009009009009
3 0.18548387096774194 0.17594064652888183 0.04079696394686907 0.009538950715421303
3 0.22485768500948766 0.16242713301536832 0.015180265654648957 0.02172760996290408
3 0.21963946869070208 0.17594064652888183 0.012333965844402278 0.01695813460519343
3 0.09345351043643264 0.14626391096979333 0.016129032258064516 0.020137784843667197
3 0.15370018975332067 0.1142024377318495 0.024667931688804556 0.00688924218335983
3 0.13709677419354838 0.12109167991520933 0.012333965844402278 0.017488076311605722
3 0.12333965844402277 0.1232114467408585 0.011385199240986717 0.014308426073131956
4 0.21631878557874762 0.15553789083200847 0.1157495256166983 0.06094329623741388
4 0.1954459203036053 0.2774244833068362 0.1935483870967742 0.07790143084260731
4 0.4468690702087287 0.25569687334393215 0.0777988614800759 0.10757816640169582
4 0.5479127134724858 0.3744038155802862 0.24003795066413663 0.06094329623741388
4 0.20161290322580644 0.4019607843137255 0.20588235294117646 0.07578166401695813
4 0.5545540796963947 0.45548489666136727 0.22296015180265655 0.05140434552199258
4 0.21774193548387097 0.509009009009009 0.20398481973434535 0.06094329623741388
4 0.5877609108159393 0.5249072602013779 0.2077798861480076 0.0492845786963434
4 0.22912713472485768 0.6046634870164282 0.20967741935483872 0.06359300476947535
4 0.6005692599620494 0.5937996820349761 0.21062618595825428 0.0492845786963434
4 0.6195445920303605 0.6637519872813991 0.22960151802656548 0.05140434552199258
4 0.2409867172675522 0.6997880233174351 0.21062618595825428 0.06412294647588765
4 0.6347248576850095 0.7305246422893482 0.2409867172675522 0.050344462109167994
4 0.25521821631878555 0.7845786963434023 0.2030360531309298 0.05140434552199258
4 0.6484819734345351 0.7874933757286698 0.25521821631878555 0.04769475357710652
4 0.6660341555977229 0.8481717011128775 0.269449715370019 0.05670376258611553
4 0.7433586337760911 0.8916269210386858 0.13757115749525617 0.016428192898781134
4 0.31973434535104367 0.8502914679385267 0.09487666034155598 0.03126656067832538
3 0.08776091081593927 0.12692103868574456 0.012333965844402278 0.014308426073131956
3 0.18311195445920303 0.1669316375198728 0.028462998102466792 0.007419183889772125
3 0.1603415559772296 0.2631160572337043 0.024667931688804556 0.03550609432962374
3 0.18548387096774194 0.5246422893481717 0.014231499051233396 0.019077901430842606
3 0.28178368121442127 0.3778484366719661 0.017077798861480076 0.03073661897191309
3 0.13614800759013282 0.422628510863805 0.019924098671726755 0.028086910439851617
3 0.1579696394686907 0.4199788023317435 0.018026565464895637 0.02702702702702703
3 0.178842504743833 0.4205087440381558 0.019924098671726755 0.02702702702702703
3 0.19924098671726756 0.4189189189189189 0.017077798861480076 0.029146793852676205
3 0.2215370018975332 0.4189189189189189 0.018026565464895637 0.02702702702702703
3 0.24478178368121442 0.4170641229464759 0.018975332068311195 0.03073661897191309
3 0.265180265654649 0.4178590355060943 0.019924098671726755 0.03232644409114997
3 0.286527514231499 0.4160042395336513 0.018975332068311195 0.02755696873343932
3 0.3064516129032258 0.41520932697403284 0.017077798861480076 0.02702702702702703
3 0.2998102466793169 0.3744038155802862 0.013282732447817837 0.017488076311605722
3 0.20113851992409867 0.2588765235824059 0.018975332068311195 0.03126656067832538
3 0.3206831119544592 0.49364069952305245 0.026565464895635674 0.030206677265500796
3 0.29886148007590135 0.4888712241653418 0.017077798861480076 0.02490726020137785
3 0.27941176470588236 0.4917859035506094 0.014231499051233396 0.023317435082140965
3 0.26043643263757116 0.4917859035506094 0.016129032258064516 0.025437201907790145
3 0.2836812144212524 0.5206677265500795 0.017077798861480076 0.02384737678855326
3 0.3026565464895636 0.5209326974032856 0.015180265654648957 0.021197668256491786
3 0.24430740037950663 0.5217276099629041 0.014231499051233396 0.02278749337572867
3 0.2243833017077799 0.5230524642289348 0.016129032258064516 0.021197668256491786
3 0.20445920303605314 0.5262321144674086 0.016129032258064516 0.025437201907790145
3 0.10815939278937381 0.4435612082670906 0.007590132827324478 0.012718600953895072
3 0.10578747628083492 0.42024377318494965 0.010436432637571158 0.01483836777954425
3 0.11764705882352941 0.42130365659777425 0.009487666034155597 0.01377848436671966
3 0.12001897533206832 0.4369369369369369 0.012333965844402278 0.016428192898781134
3 0.22296015180265655 0.2575516693163752 0.020872865275142316 0.0296767355590885
3 0.2452561669829222 0.2591414944356121 0.021821631878557873 0.03285638579756227
3 0.2670777988614801 0.25569687334393215 0.023719165085388995 0.03232644409114997
3 0.2732447817836812 0.294912559618442 0.018975332068311195 0.02490726020137785
3 0.30075901328273247 0.28431372549019607 0.03415559772296015 0.04398516163222046
3 0.2504743833017078 0.29756226815050346 0.018975332068311195 0.03126656067832538
3 0.22912713472485768 0.29809220985691576 0.018026565464895637 0.025967143614202437
3 0.20635673624288425 0.2994170641229465 0.014231499051233396 0.025437201907790145
3 0.18500948766603414 0.29809220985691576 0.018975332068311195 0.028086910439851617
3 0.16603415559772297 0.3023317435082141 0.017077798861480076 0.029146793852676205
3 0.11954459203036052 0.3036565977742448 0.018975332068311195 0.03073661897191309
3 0.09535104364326376 0.30604133545310014 0.023719165085388995 0.02278749337572867
3 0.12950664136622392 0.3857975622681505 0.018026565464895637 0.0296767355590885
3 0.15180265654648956 0.38394276629570745 0.018975332068311195 0.028086910439851617
3 0.174573055028463 0.38553259141494434 0.018975332068311195 0.025967143614202437
3 0.19449715370018975 0.3815580286168522 0.018975332068311195 0.028616852146263912
3 0.21537001897533206 0.37970323264440914 0.017077798861480076 0.02490726020137785
3 0.23908918406072105 0.37864334923158455 0.020872865275142316 0.03232644409114997
3 0.26091081593927895 0.37970323264440914 0.018975332068311195 0.030206677265500796
3 0.6878557874762808 0.8325384207737149 0.011385199240986717 0.01377848436671966
3 0.6622390891840607 0.8338632750397457 0.011385199240986717 0.013248542660307366
3 0.6759962049335864 0.8333333333333334 0.012333965844402278 0.015368309485956544
3 0.6385199240986718 0.534181240063593 0.011385199240986717 0.01589825119236884
3 0.5137571157495257 0.5140434552199258 0.012333965844402278 0.021197668256491786
3 0.5284629981024668 0.5156332803391627 0.013282732447817837 0.01695813460519343
3 0.5450664136622391 0.5148383677795443 0.012333965844402278 0.017488076311605722
3 0.5597722960151803 0.5140434552199258 0.011385199240986717 0.018018018018018018
3 0.5759013282732448 0.5124536301006889 0.011385199240986717 0.020137784843667197
3 0.5891840607210627 0.5127186009538951 0.013282732447817837 0.017488076311605722
3 0.6048387096774194 0.5140434552199258 0.012333965844402278 0.01589825119236884
3 0.6195445920303605 0.5119236883942766 0.011385199240986717 0.018018018018018018
3 0.6342504743833017 0.5119236883942766 0.012333965844402278 0.018018018018018018
3 0.6522770398481973 0.5347111817700053 0.012333965844402278 0.01695813460519343
3 0.49193548387096775 0.4692633810280869 0.010436432637571158 0.015368309485956544
3 0.6233396584440227 0.5347111817700053 0.013282732447817837 0.018018018018018018
3 0.607685009487666 0.5344462109167991 0.014231499051233396 0.017488076311605722
3 0.5915559772296015 0.5352411234764176 0.012333965844402278 0.020137784843667197
3 0.5986717267552182 0.46555378908320083 0.013282732447817837 0.02172760996290408
3 0.6129032258064516 0.4647588765235824 0.011385199240986717 0.01695813460519343
3 0.6280834914611005 0.46449390567037624 0.011385199240986717 0.018547959724430314
3 0.568785578747628 0.4663487016428193 0.014231499051233396 0.022257551669316374
3 0.551707779886148 0.4687334393216746 0.010436432637571158 0.012188659247482777
3 0.5246679316888045 0.46846846846846846 0.013282732447817837 0.020137784843667197
3 0.4990512333965844 0.5156332803391627 0.013282732447817837 0.019077901430842606
3 0.5023719165085389 0.5389507154213037 0.012333965844402278 0.020137784843667197
3 0.5185009487666035 0.5376258611552729 0.012333965844402278 0.017488076311605722
3 0.5313092979127134 0.5368309485956545 0.011385199240986717 0.018018018018018018
3 0.5877609108159393 0.6057233704292527 0.014231499051233396 0.018018018018018018
3 0.5721062618595826 0.606253312135665 0.011385199240986717 0.019077901430842606
3 0.5574003795066413 0.6054583995760466 0.012333965844402278 0.016428192898781134
3 0.543168880455408 0.6089030206677265 0.012333965844402278 0.020137784843667197
3 0.6295066413662239 0.5808161102278749 0.012333965844402278 0.019077901430842606
3 0.6432637571157496 0.581081081081081 0.015180265654648957 0.018547959724430314
3 0.6148007590132827 0.5808161102278749 0.015180265654648957 0.020137784843667197
3 0.5986717267552182 0.5816110227874933 0.015180265654648957 0.02066772655007949
3 0.5853889943074004 0.5837307896131425 0.013282732447817837 0.017488076311605722
3 0.5697343453510436 0.584525702172761 0.012333965844402278 0.01695813460519343
3 0.5540796963946869 0.5850556438791733 0.013282732447817837 0.018018018018018018
3 0.538899430740038 0.5853206147323794 0.011385199240986717 0.017488076311605722
3 0.523719165085389 0.586380498145204 0.013282732447817837 0.017488076311605722
3 0.5099620493358634 0.586380498145204 0.014231499051233396 0.0196078431372549
3 0.5275142314990512 0.6083730789613142 0.013282732447817837 0.018018018018018018
3 0.5123339658444023 0.6094329623741388 0.011385199240986717 0.021197668256491786
3 0.5469639468690702 0.5373608903020668 0.014231499051233396 0.020137784843667197
3 0.5777988614800759 0.5357710651828299 0.013282732447817837 0.018018018018018018
3 0.562618595825427 0.536036036036036 0.015180265654648957 0.018547959724430314
3 0.50853889943074 0.4682034976152623 0.011385199240986717 0.016428192898781134
3 0.46110056925996207 0.4719130895601484 0.013282732447817837 0.02066772655007949
3 0.6484819734345351 0.834393216746158 0.010436432637571158 0.013248542660307366
3 0.4473434535104364 0.2485426603073662 0.061669829222011384 0.01377848436671966
3 0.5180265654648957 0.3672496025437202 0.013282732447817837 0.023317435082140965
3 0.4985768500948767 0.36645468998410174 0.016129032258064516 0.0196078431372549
3 0.4819734345351044 0.3672496025437202 0.017077798861480076 0.025437201907790145
3 0.4985768500948767 0.3963963963963964 0.016129032258064516 0.020137784843667197
3 0.4672675521821632 0.39507154213036566 0.016129032258064516 0.02066772655007949
3 0.4468690702087287 0.39507154213036566 0.011385199240986717 0.016428192898781134
3 0.4478178368121442 0.2983571807101219 0.04933586337760911 0.009538950715421303
3 0.44022770398481975 0.2866984631690514 0.051233396584440226 0.010598834128245893
3 0.4449715370018975 0.26338102808691044 0.05502846299810247 0.011658717541070483
3 0.4625237191650854 0.23582405935347112 0.03700189753320683 0.007419183889772125
3 0.45872865275142316 0.4485956544780074 0.016129032258064516 0.018547959724430314
3 0.4449715370018975 0.22575516693163752 0.07210626185958255 0.010598834128245893
3 0.4473434535104364 0.21144674085850557 0.0730550284629981 0.011658717541070483
3 0.5033206831119544 0.2525172231054584 0.010436432637571158 0.014308426073131956
3 0.5061669829222012 0.27053524112347643 0.012333965844402278 0.016428192898781134
3 0.5218216318785579 0.2609962904080551 0.018975332068311195 0.02702702702702703
3 0.48956356736242884 0.29199788023317436 0.018975332068311195 0.03073661897191309
3 0.5469639468690702 0.27450980392156865 0.010436432637571158 0.01377848436671966
3 0.5863377609108159 0.28908320084790673 0.051233396584440226 0.011128775834658187
3 0.43690702087286526 0.14043455219925807 0.031309297912713474 0.007419183889772125
3 0.534629981024668 0.3667196608373079 0.016129032258064516 0.021197668256491786
3 0.5526565464895635 0.365129835718071 0.016129032258064516 0.023317435082140965
3 0.5702087286527514 0.3645998940116587 0.015180265654648957 0.022257551669316374
3 0.6043643263757116 0.3627450980392157 0.013282732447817837 0.02066772655007949
3 0.47533206831119545 0.4456809750927398 0.011385199240986717 0.01695813460519343
3 0.49003795066413663 0.4462109167991521 0.012333965844402278 0.019077901430842606
3 0.50426944971537 0.4451510333863275 0.014231499051233396 0.019077901430842606
3 0.5199240986717267 0.4446210916799152 0.013282732447817837 0.018018018018018018
3 0.5355787476280834 0.4451510333863275 0.010436432637571158 0.01483836777954425
3 0.5493358633776091 0.44594594594594594 0.011385199240986717 0.016428192898781134
3 0.5654648956356736 0.44382617912029676 0.013282732447817837 0.018547959724430314
3 0.579696394686907 0.4422363540010599 0.011385199240986717 0.013248542660307366
3 0.5953510436432637 0.44276629570747217 0.014231499051233396 0.018547959724430314
3 0.610056925996205 0.44091149973502913 0.013282732447817837 0.020137784843667197
3 0.6247628083491461 0.4417064122946476 0.014231499051233396 0.017488076311605722
3 0.6181214421252372 0.3908320084790673 0.016129032258064516 0.02172760996290408
3 0.6309297912713473 0.3847376788553259 0.009487666034155597 0.011658717541070483
3 0.5887096774193549 0.3897721250662427 0.014231499051233396 0.018547959724430314
3 0.573055028462998 0.38950715421303655 0.013282732447817837 0.01695813460519343
3 0.5588235294117647 0.3929517753047165 0.013282732447817837 0.017488076311605722
3 0.5422201138519924 0.3918918918918919 0.012333965844402278 0.016428192898781134
3 0.5128083491461101 0.3918918918918919 0.012333965844402278 0.018547959724430314
3 0.5877609108159393 0.3640699523052464 0.019924098671726755 0.02755696873343932
3 0.6015180265654649 0.6038685744568097 0.011385199240986717 0.016428192898781134
3 0.6166982922201139 0.6051934287228405 0.013282732447817837 0.019077901430842606
3 0.6323529411764706 0.6038685744568097 0.010436432637571158 0.017488076311605722
3 0.5507590132827325 0.8018018018018018 0.012333965844402278 0.01483836777954425
3 0.5607210626185958 0.7821939586645469 0.009487666034155597 0.01377848436671966
3 0.5725806451612904 0.7808691043985162 0.012333965844402278 0.015368309485956544
3 0.5863377609108159 0.7795442501324854 0.009487666034155597 0.01589825119236884
3 0.6000948766603416 0.7800741918388977 0.010436432637571158 0.01483836777954425
3 0.6133776091081594 0.7798092209856916 0.010436432637571158 0.014308426073131956
3 0.6252371916508539 0.7790143084260731 0.011385199240986717 0.01377848436671966
3 0.6389943074003795 0.7782193958664547 0.010436432637571158 0.016428192898781134
3 0.6513282732447818 0.7779544250132485 0.012333965844402278 0.01483836777954425
3 0.6641366223908919 0.7776894541600424 0.011385199240986717 0.015368309485956544
3 0.678842504743833 0.7965023847376789 0.010436432637571158 0.01483836777954425
3 0.6532258064516129 0.6507684154742979 0.014231499051233396 0.018018018018018018
3 0.6935483870967742 0.794912559618442 0.011385199240986717 0.01589825119236884
3 0.7058823529411765 0.7946475887652358 0.009487666034155597 0.013248542660307366
3 0.7215370018975332 0.7946475887652358 0.010436432637571158 0.014308426073131956
3 0.7343453510436433 0.7951775304716481 0.009487666034155597 0.015368309485956544
3 0.6778937381404174 0.7774244833068362 0.010436432637571158 0.01483836777954425
3 0.6907020872865275 0.7776894541600424 0.011385199240986717 0.012188659247482777
3 0.7030360531309298 0.7758346581875993 0.011385199240986717 0.01589825119236884
3 0.7186907020872866 0.7755696873343932 0.012333965844402278 0.015368309485956544
3 0.6973434535104365 0.7400635930047694 0.011385199240986717 0.015368309485956544
3 0.5479127134724858 0.7824589295177531 0.010436432637571158 0.013248542660307366
3 0.5341555977229602 0.7824589295177531 0.009487666034155597 0.014308426073131956
3 0.6665085388994307 0.7965023847376789 0.010436432637571158 0.01377848436671966
3 0.6541745730550285 0.7972972972972973 0.010436432637571158 0.013248542660307366
3 0.6366223908918406 0.859830418653948 0.017077798861480076 0.02278749337572867
3 0.6200189753320683 0.8606253312135665 0.016129032258064516 0.024377318494965553
3 0.6024667931688804 0.8611552729199788 0.013282732447817837 0.018018018018018018
3 0.6361480075901328 0.834658187599364 0.012333965844402278 0.01483836777954425
3 0.622865275142315 0.8351881293057764 0.010436432637571158 0.01589825119236884
3 0.6086337760910816 0.8357180710121886 0.012333965844402278 0.01589825119236884
3 0.5944022770398482 0.8357180710121886 0.012333965844402278 0.01695813460519343
3 0.5815939278937381 0.8367779544250132 0.009487666034155597 0.01589825119236884
3 0.5692599620493358 0.8370429252782194 0.011385199240986717 0.016428192898781134
3 0.5545540796963947 0.8378378378378378 0.012333965844402278 0.01589825119236884
3 0.5664136622390892 0.8619501854795972 0.017077798861480076 0.02384737678855326
3 0.5488614800759013 0.863275039745628 0.014231499051233396 0.021197668256491786
3 0.5422201138519924 0.8386327503974563 0.010436432637571158 0.016428192898781134
3 0.5384250474383302 0.8025967143614202 0.012333965844402278 0.016428192898781134
3 0.5630929791271347 0.8010068892421833 0.010436432637571158 0.014308426073131956
3 0.5759013282732448 0.8007419183889772 0.009487666034155597 0.01377848436671966
3 0.5891840607210627 0.7988871224165341 0.009487666034155597 0.013248542660307366
3 0.6029411764705882 0.798622151563328 0.010436432637571158 0.01589825119236884
3 0.6413662239089184 0.7972972972972973 0.011385199240986717 0.016428192898781134
3 0.6845351043643264 0.7397986221515633 0.010436432637571158 0.01377848436671966
3 0.6717267552182163 0.7419183889772125 0.011385199240986717 0.01695813460519343
3 0.6579696394686907 0.7405935347111817 0.010436432637571158 0.015368309485956544
3 0.6726755218216319 0.6738208797032327 0.013282732447817837 0.016428192898781134
3 0.6427893738140418 0.6724960254372019 0.012333965844402278 0.018018018018018018
3 0.6266603415559773 0.6748807631160573 0.014231499051233396 0.018547959724430314
3 0.6110056925996205 0.6754107048224696 0.011385199240986717 0.0196078431372549
3 0.5967741935483871 0.6764705882352942 0.015180265654648957 0.018547959724430314
3 0.5820683111954459 0.6770005299417065 0.010436432637571158 0.017488076311605722
3 0.566888045540797 0.6756756756756757 0.012333965844402278 0.01589825119236884
3 0.5531309297912713 0.6772655007949125 0.011385199240986717 0.01695813460519343
3 0.5370018975332068 0.6791202967673556 0.015180265654648957 0.0196078431372549
3 0.5208728652751423 0.6793852676205617 0.013282732447817837 0.01695813460519343
3 0.5004743833017078 0.6706412294647589 0.023719165085388995 0.041865394806571275
3 0.5194497153700189 0.6563328033916269 0.012333965844402278 0.017488076311605722
3 0.5332068311195446 0.6542130365659777 0.015180265654648957 0.02066772655007949
3 0.5488614800759013 0.6542130365659777 0.014231499051233396 0.017488076311605722
3 0.5630929791271347 0.6542130365659777 0.016129032258064516 0.0196078431372549
3 0.5792220113851992 0.6531531531531531 0.012333965844402278 0.017488076311605722
3 0.594876660341556 0.6531531531531531 0.011385199240986717 0.018547959724430314
3 0.6081593927893738 0.6531531531531531 0.013282732447817837 0.017488076311605722
3 0.6242884250474383 0.6523582405935348 0.015180265654648957 0.018018018018018018
3 0.6385199240986718 0.6507684154742979 0.013282732447817837 0.018018018018018018
3 0.6574952561669829 0.6732909379968204 0.013282732447817837 0.0196078431372549
3 0.6935483870967742 0.7183359830418654 0.013282732447817837 0.018547959724430314
3 0.6461100569259962 0.7419183889772125 0.011385199240986717 0.01589825119236884
3 0.6774193548387096 0.7188659247482777 0.011385199240986717 0.017488076311605722
3 0.6328273244781784 0.7413884472708002 0.009487666034155597 0.01589825119236884
3 0.6195445920303605 0.7419183889772125 0.009487666034155597 0.01483836777954425
3 0.6067362428842504 0.7421833598304186 0.010436432637571158 0.016428192898781134
3 0.5939278937381404 0.7443031266560678 0.011385199240986717 0.016428192898781134
3 0.5806451612903226 0.744568097509274 0.011385199240986717 0.01589825119236884
3 0.5673624288425048 0.7450980392156863 0.011385199240986717 0.01695813460519343
3 0.5550284629981025 0.7461579226285109 0.009487666034155597 0.01589825119236884
3 0.543168880455408 0.7461579226285109 0.010436432637571158 0.01589825119236884
3 0.5294117647058824 0.7472178060413355 0.009487666034155597 0.01377848436671966
3 0.5275142314990512 0.7254901960784313 0.011385199240986717 0.018018018018018018
3 0.5422201138519924 0.724695283518813 0.012333965844402278 0.0196078431372549
3 0.5574003795066413 0.724960254372019 0.010436432637571158 0.01695813460519343
3 0.5744781783681214 0.7239003709591945 0.010436432637571158 0.01589825119236884
3 0.5877609108159393 0.7233704292527822 0.012333965844402278 0.018018018018018018
3 0.6043643263757116 0.7228404875463699 0.011385199240986717 0.01695813460519343
3 0.6181214421252372 0.7220455749867515 0.012333965844402278 0.018547959724430314
3 0.6328273244781784 0.7220455749867515 0.013282732447817837 0.017488076311605722
3 0.6470588235294118 0.721250662427133 0.013282732447817837 0.018018018018018018
3 0.6631878557874763 0.7217806041335453 0.013282732447817837 0.018018018018018018
4 0.43690702087286526 0.14361420243773185 0.08064516129032258 0.06041335453100159
