0 0.9860611510791367 0.6658512720156555 0.028477218225419664 0.07729941291585127
0 0.6100119904076738 0.3767123287671233 0.07913669064748201 0.1360078277886497
0 0.19904076738609114 0.8317025440313112 0.09832134292565947 0.1506849315068493
0 0.27188249400479614 0.9063111545988258 0.10431654676258993 0.16585127201565558
0 0.5086930455635491 0.8299902152641878 0.10431654676258993 0.1678082191780822
0 0.4315047961630695 0.7690802348336595 0.11121103117505995 0.1917808219178082
0 0.35611510791366907 0.700587084148728 0.10971223021582734 0.1917808219178082
0 0.2919664268585132 0.5892857142857143 0.10731414868105515 0.1824853228962818
0 0.5887290167865707 0.723091976516634 0.10551558752997602 0.16144814090019569
0 0.729916067146283 0.4779843444227006 0.0725419664268585 0.11937377690802348
0 0.6647182254196643 0.436399217221135 0.06145083932853717 0.10469667318982387
0 0.502248201438849 0.31898238747553814 0.040467625899280574 0.06360078277886497
0 0.9454436450839329 0.62426614481409 0.052158273381294966 0.08414872798434442
0 0.4746702637889688 0.16193737769080235 0.06684652278177458 0.09882583170254403
0 0.5065947242206235 0.10273972602739725 0.06534772182254196 0.1086105675146771
0 0.9240107913669064 0.31409001956947163 0.053057553956834536 0.07534246575342465
0 0.934652278177458 0.2568493150684932 0.03357314148681055 0.043052837573385516
0 0.904826139088729 0.21746575342465754 0.029676258992805755 0.0611545988258317
0 0.8684052757793765 0.19202544031311156 0.050959232613908875 0.08365949119373776
0 0.6810551558752997 0.05210371819960861 0.04316546762589928 0.06311154598825831
0 0.7038369304556354 0.8595890410958904 0.06414868105515588 0.10665362035225048
0 0.9204136690647482 0.5518590998043053 0.05185851318944844 0.0821917808219178
0 0.11990407673860912 0.7632093933463796 0.09952038369304557 0.149706457925636
