8 0.8770139634801289 0.2575966850828729 0.15467239527389903 0.19060773480662985
5 0.5456498388829216 0.3494475138121547 0.4865735767991407 0.6975138121546961
7 0.22610096670247046 0.19820441988950277 0.07733619763694952 0.14226519337016574
7 0.2800751879699248 0.17437845303867403 0.07787325456498388 0.14295580110497239
7 0.21697099892588614 0.41056629834254144 0.07733619763694952 0.14295580110497239
7 0.27577873254564983 0.38501381215469616 0.07787325456498388 0.14295580110497239
7 0.33029001074113856 0.36187845303867405 0.07733619763694952 0.14226519337016574
6 0.147422126745435 0.7845303867403315 0.2937701396348013 0.425414364640884
11 0.3993018259935553 0.8390883977900553 0.10257787325456498 0.10082872928176796
11 0.48442534908700324 0.7855662983425414 0.10204081632653061 0.10013812154696132
11 0.5695488721804511 0.7306629834254144 0.10687432867883996 0.10773480662983426
11 0.6793770139634802 0.7030386740331491 0.09129967776584318 0.14226519337016574
11 0.7403329752953813 0.6640193370165746 0.09183673469387756 0.14157458563535913
11 0.8010204081632653 0.62603591160221 0.09183673469387756 0.14157458563535913
11 0.7346938775510204 0.787292817679558 0.11063372717508056 0.11878453038674033
11 0.7663802363050484 0.8718922651933702 0.10955961331901182 0.1180939226519337
11 0.8198174006444683 0.7337707182320442 0.10902255639097744 0.1180939226519337
11 0.8643931256713212 0.6077348066298343 0.09076262083780881 0.14226519337016574
11 0.9221267454350162 0.5707872928176796 0.09129967776584318 0.14295580110497239
7 0.16783029001074115 0.22410220994475138 0.07679914070891515 0.14295580110497239
