10 0.15128558310376491 0.1881971932349766 0.02800734618916437 0.028067650233897085
3 0.39623507805325986 0.7826556315221302 0.027548209366391185 0.007196833393306945
3 0.3969237832874197 0.7565671104713926 0.025252525252525252 0.006836991723641598
3 0.3953168044077135 0.7475710687297589 0.02662993572084481 0.007556675062972292
3 0.39623507805325986 0.7382151853184599 0.025711662075298437 0.006836991723641598
3 0.39669421487603307 0.7302986685858223 0.027548209366391185 0.007556675062972292
3 0.3983011937557392 0.7141057934508817 0.025252525252525252 0.007556675062972292
3 0.39761248852157943 0.698452680820439 0.024793388429752067 0.007196833393306945
3 0.3987603305785124 0.6908960057574667 0.024334251606978878 0.0057574667146455556
3 0.3992194674012856 0.6826196473551638 0.024334251606978878 0.006477150053976251
3 0.39944903581267216 0.6750629722921915 0.024793388429752067 0.007196833393306945
3 0.400137741046832 0.6673263763943865 0.026170798898071626 0.006836991723641598
3 0.3983011937557392 0.6588700971572508 0.027089072543617997 0.0057574667146455556
3 0.3971533516988062 0.6518531845987765 0.02203856749311295 0.0061173083843109035
3 0.40059687786960513 0.6441165887009715 0.02800734618916437 0.006477150053976251
3 0.3987603305785124 0.6363799928031666 0.026170798898071626 0.0061173083843109035
3 0.4017447199265381 0.6288233177401943 0.025711662075298437 0.0061173083843109035
3 0.4015151515151515 0.6210867218423893 0.028925619834710745 0.008636200071968334
3 0.400137741046832 0.613530046779417 0.025252525252525252 0.007196833393306945
3 0.39990817263544537 0.6061532925512775 0.025711662075298437 0.006836991723641598
3 0.2662993572084481 0.6335012594458438 0.01928374655647383 0.01835192515293271
3 0.2764003673094582 0.6622885930190716 0.028466483011937556 0.016192875134940627
3 0.28145087235996324 0.6547319179560993 0.02938475665748393 0.01691255847427132
3 0.3973829201101928 0.7648434688736956 0.025252525252525252 0.006836991723641598
3 0.39807162534435264 0.791651673263764 0.027548209366391185 0.007196833393306945
3 0.2991276400367309 0.6266642677222022 0.028925619834710745 0.015473191795609931
3 0.39646464646464646 0.7995681899964016 0.027089072543617997 0.006477150053976251
3 0.47176308539944906 0.5768261964735516 0.02157943067033976 0.007196833393306945
3 0.47130394857667585 0.5690896005757466 0.022497704315886134 0.007556675062972292
3 0.472910927456382 0.5588341129902843 0.024793388429752067 0.00791651673263764
3 0.3677685950413223 0.7732997481108312 0.017447199265381085 0.005037783375314861
3 0.3689164370982553 0.7661029147175243 0.019742883379247015 0.006477150053976251
3 0.36707988980716255 0.7412738395106153 0.025252525252525252 0.008636200071968334
3 0.36707988980716255 0.7331774019431451 0.024334251606978878 0.006836991723641598
3 0.36707988980716255 0.724361281036344 0.02800734618916437 0.008636200071968334
3 0.3675390266299357 0.7157250809643757 0.027089072543617997 0.00791651673263764
3 0.36662075298438934 0.7070888808924073 0.02800734618916437 0.00791651673263764
3 0.3661616161616162 0.6988125224901044 0.023415977961432508 0.006477150053976251
3 0.36707988980716255 0.690716084922634 0.027089072543617997 0.008276358402302987
3 0.36455463728191 0.6820798848506657 0.03213957759412305 0.007556675062972292
3 0.36707988980716255 0.6743432889528608 0.026170798898071626 0.00791651673263764
3 0.3677685950413223 0.6660669305505578 0.024793388429752067 0.006477150053976251
3 0.3675390266299357 0.6577905721482548 0.028925619834710745 0.008636200071968334
3 0.37052341597796146 0.6505937387549479 0.02295684113865932 0.006477150053976251
3 0.3758034894398531 0.6299028427491904 0.016069788797061526 0.00395825836631882
3 0.37327823691460055 0.6356603094638359 0.020202020202020204 0.0061173083843109035
3 0.37052341597796146 0.6433969053616408 0.02662993572084481 0.006477150053976251
3 0.39761248852157943 0.8132421734436848 0.03305785123966942 0.008636200071968334
3 0.29315886134067953 0.6369197553076646 0.02800734618916437 0.01439366678661389
3 0.3034894398530762 0.6194674343288953 0.02662993572084481 0.014753508456279237
3 0.5748393021120294 0.5971572508096438 0.01928374655647383 0.007556675062972292
3 0.18388429752066116 0.6045340050377834 0.024334251606978878 0.011514933429291111
3 0.1891643709825528 0.5874415257286794 0.02938475665748393 0.01187477509895646
3 0.10215794306703398 0.6495142137459518 0.023415977961432508 0.009355883411299028
3 0.10353535353535354 0.6417776178481468 0.02800734618916437 0.011155091759625764
3 0.10583103764921947 0.631162288593019 0.022497704315886134 0.00791651673263764
3 0.10881542699724518 0.6237855343648795 0.027548209366391185 0.01043540842029507
3 0.11409550045913683 0.6070528967254408 0.025252525252525252 0.010075566750629723
3 0.11776859504132231 0.5975170924793091 0.025252525252525252 0.011155091759625764
3 0.12281910009182737 0.5815041381792011 0.024334251606978878 0.010075566750629723
3 0.1184573002754821 0.5255487585462396 0.012855831037649219 0.017632241813602016
3 0.13200183654729108 0.5500179920834832 0.028925619834710745 0.01043540842029507
3 0.13452708907254363 0.5408420295070169 0.024793388429752067 0.010075566750629723
3 0.13682277318640956 0.5327455919395466 0.023875114784205693 0.009715725080964376
3 0.14072543617998162 0.5239294710327456 0.025252525252525252 0.010075566750629723
3 0.14646464646464646 0.5059373875494783 0.027548209366391185 0.011514933429291111
3 0.14830119375573922 0.49694134580784455 0.024793388429752067 0.010075566750629723
3 0.15151515151515152 0.4884850665707089 0.025711662075298437 0.009715725080964376
3 0.1554178145087236 0.48056854983807124 0.026170798898071626 0.01043540842029507
3 0.19811753902662993 0.5586541921554516 0.025252525252525252 0.01043540842029507
3 0.20041322314049587 0.5503778337531486 0.024334251606978878 0.011155091759625764
3 0.20385674931129477 0.5421014753508456 0.024793388429752067 0.011155091759625764
3 0.2061524334251607 0.5334652752788773 0.024793388429752067 0.011155091759625764
3 0.18824609733700642 0.5960777258006477 0.025711662075298437 0.01187477509895646
3 0.18158861340679522 0.613530046779417 0.023415977961432508 0.011514933429291111
3 0.31611570247933884 0.6007556675062973 0.022497704315886134 0.013314141777617848
3 0.17676767676767677 0.629543001079525 0.023875114784205693 0.011155091759625764
3 0.3200183654729109 0.5896005757466715 0.02203856749311295 0.01187477509895646
3 0.37304866850321394 0.507736595897805 0.03076216712580349 0.016552716804605974
3 0.2959136822773186 0.49424253328535445 0.026170798898071626 0.014033825116948543
3 0.2679063360881543 0.48884490824037424 0.025252525252525252 0.014033825116948543
3 0.13314967860422405 0.6662468513853904 0.03213957759412305 0.01043540842029507
3 0.08953168044077135 0.6570708888089241 0.01652892561983471 0.0057574667146455556
3 0.10743801652892562 0.6610291471752429 0.02203856749311295 0.009355883411299028
3 0.15725436179981633 0.670385030586542 0.016069788797061526 0.007196833393306945
3 0.17309458218549129 0.6736236056135301 0.01652892561983471 0.007196833393306945
3 0.1926078971533517 0.6709247930910399 0.024334251606978878 0.008276358402302987
3 0.19375573921028466 0.6630082763584023 0.01928374655647383 0.008276358402302987
3 0.19742883379247014 0.6561712846347607 0.021120293847566574 0.008276358402302987
3 0.1994949494949495 0.648794530406621 0.02157943067033976 0.008636200071968334
3 0.20224977043158862 0.6417776178481468 0.01790633608815427 0.008276358402302987
3 0.2027089072543618 0.6336811802806765 0.016988062442607896 0.00791651673263764
3 0.20752984389348025 0.6268441885570349 0.021120293847566574 0.009355883411299028
3 0.21464646464646464 0.6104713925872616 0.025252525252525252 0.009715725080964376
3 0.2162534435261708 0.6020151133501259 0.025711662075298437 0.011514933429291111
3 0.1623048668503214 0.6622885930190716 0.032598714416896234 0.01043540842029507
3 0.1650596877869605 0.654372076286434 0.03076216712580349 0.011155091759625764
3 0.16666666666666666 0.6457358762144656 0.03397612488521579 0.012594458438287154
3 0.47176308539944906 0.5838431090320259 0.02157943067033976 0.006836991723641598
3 0.47107438016528924 0.5919395465994962 0.021120293847566574 0.006477150053976251
3 0.47107438016528924 0.5993163008276359 0.023875114784205693 0.006836991723641598
3 0.5505050505050505 0.6360201511335013 0.01652892561983471 0.0053976250449802084
3 0.55188246097337 0.6234256926952141 0.017447199265381085 0.0053976250449802084
3 0.5511937557392103 0.6160489384670745 0.01790633608815427 0.005037783375314861
3 0.5525711662075299 0.6029147175242893 0.016988062442607896 0.004677941705649514
3 0.5521120293847567 0.5966174883051457 0.016988062442607896 0.005037783375314861
3 0.5523415977961432 0.5896005757466715 0.01652892561983471 0.0053976250449802084
3 0.5537190082644629 0.5836631881971932 0.015610651974288337 0.005037783375314861
3 0.5257116620752984 0.543540842029507 0.018365472910927456 0.015473191795609931
3 0.5532598714416896 0.5770061173083844 0.017447199265381085 0.004677941705649514
3 0.5539485766758494 0.570528967254408 0.016988062442607896 0.004677941705649514
3 0.5601469237832875 0.560633321338611 0.02938475665748393 0.008636200071968334
3 0.49104683195592286 0.8155811442965095 0.02066115702479339 0.0053976250449802084
3 0.4898989898989899 0.8049658150413818 0.01928374655647383 0.005037783375314861
3 0.49081726354453625 0.7979489024829075 0.01928374655647383 0.004677941705649514
3 0.4928833792470156 0.7911119107592659 0.018824609733700644 0.0061173083843109035
3 0.49173553719008267 0.7842749190356243 0.021120293847566574 0.006836991723641598
3 0.49127640036730946 0.7700611730838431 0.020202020202020204 0.007196833393306945
3 0.49173553719008267 0.7626844188557035 0.020202020202020204 0.0053976250449802084
3 0.4928833792470156 0.7554875854623966 0.02157943067033976 0.0053976250449802084
3 0.4919651056014692 0.7482907520690896 0.019742883379247015 0.0053976250449802084
3 0.4933425160697888 0.741453760345448 0.02066115702479339 0.0061173083843109035
3 0.4933425160697888 0.7342569269521411 0.02157943067033976 0.0061173083843109035
3 0.3948576675849403 0.7063691975530767 0.021120293847566574 0.0057574667146455556
3 0.550734618916437 0.6428571428571429 0.016988062442607896 0.0053976250449802084
3 0.47084481175390264 0.6074127383951061 0.019742883379247015 0.0057574667146455556
3 0.550275482093664 0.648794530406621 0.016988062442607896 0.005037783375314861
3 0.5757575757575758 0.5842029507016913 0.015610651974288337 0.0053976250449802084
3 0.5755280073461891 0.5775458798128823 0.016988062442607896 0.0057574667146455556
3 0.5757575757575758 0.5707088880892407 0.01652892561983471 0.005037783375314861
3 0.5408631772268135 0.8161209068010076 0.028466483011937556 0.00791651673263764
3 0.5443067033976124 0.8049658150413818 0.01790633608815427 0.005037783375314861
3 0.5454545454545454 0.7992083483267363 0.01928374655647383 0.0057574667146455556
3 0.5466023875114784 0.792191435768262 0.016988062442607896 0.0053976250449802084
3 0.5466023875114784 0.7860741273839511 0.019742883379247015 0.006836991723641598
3 0.5470615243342516 0.7792371356603095 0.019742883379247015 0.0061173083843109035
3 0.5461432506887053 0.7729399064411658 0.01790633608815427 0.005037783375314861
3 0.5463728191000918 0.7598056854983807 0.014692378328741965 0.004677941705649514
3 0.5475206611570248 0.7538682979489025 0.01790633608815427 0.005037783375314861
3 0.5482093663911846 0.7463116228859302 0.017447199265381085 0.005037783375314861
3 0.547979797979798 0.7401943145016193 0.01790633608815427 0.0057574667146455556
3 0.5482093663911846 0.7335372436128104 0.01652892561983471 0.0053976250449802084
3 0.5488980716253443 0.7267002518891688 0.016988062442607896 0.0053976250449802084
3 0.5486685032139578 0.7135660309463836 0.017447199265381085 0.005037783375314861
3 0.5493572084481175 0.6946743432889528 0.01790633608815427 0.004677941705649514
3 0.5472910927456383 0.6678661388988845 0.017447199265381085 0.0057574667146455556
3 0.5493572084481175 0.6613889888449083 0.01790633608815427 0.0057574667146455556
3 0.5505050505050505 0.6547319179560993 0.015610651974288337 0.004677941705649514
3 0.4933425160697888 0.7268801727240014 0.022497704315886134 0.006477150053976251
3 0.49242424242424243 0.7193234976610291 0.02157943067033976 0.005037783375314861
3 0.49563820018365473 0.7126664267722203 0.018824609733700644 0.0053976250449802084
3 0.4935720844811754 0.7054695933789132 0.01652892561983471 0.0053976250449802084
3 0.46487603305785125 0.7650233897085282 0.024334251606978878 0.007196833393306945
3 0.466712580348944 0.7574667146455559 0.02157943067033976 0.0057574667146455556
3 0.4662534435261708 0.7499100395825836 0.022497704315886134 0.006477150053976251
3 0.465564738292011 0.741993522849946 0.01928374655647383 0.006477150053976251
3 0.4671717171717172 0.7344368477869737 0.022497704315886134 0.0057574667146455556
3 0.46648301193755737 0.7272400143936668 0.023875114784205693 0.00791651673263764
3 0.4669421487603306 0.7200431810003598 0.021120293847566574 0.007196833393306945
3 0.4669421487603306 0.7123065851025548 0.02203856749311295 0.006836991723641598
3 0.4671717171717172 0.7049298308744153 0.02066115702479339 0.006477150053976251
3 0.46808999081726355 0.697373155811443 0.02066115702479339 0.0057574667146455556
3 0.4687786960514233 0.689636559913638 0.02203856749311295 0.007556675062972292
3 0.4690082644628099 0.6822598056854984 0.02066115702479339 0.0057574667146455556
3 0.46648301193755737 0.6743432889528608 0.01652892561983471 0.004318100035984167
3 0.4694674012855831 0.6675062972292192 0.02157943067033976 0.0057574667146455556
3 0.4687786960514233 0.6597697013314142 0.01928374655647383 0.0053976250449802084
3 0.4690082644628099 0.6522130262684419 0.024334251606978878 0.0061173083843109035
3 0.4694674012855831 0.644476430370637 0.023415977961432508 0.007196833393306945
3 0.4703856749311295 0.6376394386469953 0.02157943067033976 0.006477150053976251
3 0.4699265381083563 0.6299028427491904 0.022497704315886134 0.0061173083843109035
3 0.4706152433425161 0.62180640518172 0.02295684113865932 0.007196833393306945
3 0.4694674012855831 0.6142497301187477 0.019742883379247015 0.005037783375314861
3 0.46464646464646464 0.7722202231018352 0.01928374655647383 0.005037783375314861
3 0.4657943067033976 0.7797768981648074 0.018824609733700644 0.005037783375314861
3 0.4657943067033976 0.7869737315581145 0.014233241505968778 0.0057574667146455556
3 0.4951790633608815 0.6273839510615329 0.02066115702479339 0.004677941705649514
3 0.4963269054178145 0.6980928391507737 0.018365472910927456 0.0057574667146455556
3 0.49563820018365473 0.6914357682619647 0.02066115702479339 0.006836991723641598
3 0.4951790633608815 0.6840590140338251 0.02157943067033976 0.0057574667146455556
3 0.4970156106519743 0.6766822598056855 0.023415977961432508 0.0053976250449802084
3 0.49586776859504134 0.6696653472472113 0.020202020202020204 0.0057574667146455556
3 0.494949494949495 0.6626484346887369 0.02203856749311295 0.006836991723641598
3 0.4965564738292011 0.6480748470672903 0.02157943067033976 0.006477150053976251
3 0.4965564738292011 0.6405181720043182 0.02157943067033976 0.0057574667146455556
3 0.49609733700642794 0.6338611011155092 0.022497704315886134 0.0061173083843109035
3 0.4972451790633609 0.6129902842749191 0.02203856749311295 0.0061173083843109035
3 0.46510560146923785 0.7939906441165887 0.02203856749311295 0.0053976250449802084
3 0.49563820018365473 0.6056135300467794 0.018824609733700644 0.006477150053976251
3 0.49586776859504134 0.5980568549838071 0.01652892561983471 0.005037783375314861
3 0.4963269054178145 0.5913997840949982 0.018365472910927456 0.0061173083843109035
3 0.49908172635445364 0.5838431090320259 0.020202020202020204 0.006836991723641598
3 0.49885215794306703 0.5764663548038863 0.019742883379247015 0.006477150053976251
3 0.49908172635445364 0.5692695214105793 0.021120293847566574 0.007196833393306945
3 0.4981634527089073 0.5602734796689457 0.02295684113865932 0.007196833393306945
3 0.45798898071625344 0.8139618567830155 0.028925619834710745 0.007196833393306945
3 0.4628099173553719 0.8011874775098956 0.023875114784205693 0.0061173083843109035
3 0.20890725436179983 0.525368837711407 0.024793388429752067 0.010795250089960417
3 0.21166207529843895 0.5169125584742713 0.02662993572084481 0.01187477509895646
3 0.21464646464646464 0.5086362000719683 0.026170798898071626 0.011155091759625764
3 0.40449954086317724 0.28013673983447285 0.025711662075298437 0.013314141777617848
3 0.40725436179981633 0.2653832313781936 0.021120293847566574 0.01043540842029507
3 0.411386593204775 0.2592659229938827 0.02295684113865932 0.011155091759625764
3 0.41368227731864093 0.2524289312702411 0.023875114784205693 0.01043540842029507
3 0.4164370982552801 0.24577186038143217 0.02203856749311295 0.010795250089960417
3 0.418732782369146 0.2387549478229579 0.02203856749311295 0.01043540842029507
3 0.42102846648301195 0.23173803526448364 0.02203856749311295 0.012234616768621807
3 0.4256198347107438 0.22274199352284996 0.025711662075298437 0.012234616768621807
3 0.4315886134067952 0.21320618927671825 0.02938475665748393 0.013314141777617848
3 0.4329660238751148 0.20492983087441527 0.02938475665748393 0.013314141777617848
3 0.4428374655647383 0.18387909319899245 0.028925619834710745 0.012954300107952501
3 0.44513314967860423 0.17578265563152212 0.02800734618916437 0.013314141777617848
3 0.45018365472910926 0.16552716804605974 0.027089072543617997 0.012234616768621807
3 0.45064279155188247 0.15545160129543 0.029843893480257115 0.012234616768621807
3 0.42355371900826444 0.14753508456279238 0.023415977961432508 0.012234616768621807
3 0.3714416896235078 0.2878733357322778 0.021120293847566574 0.010075566750629723
3 0.37304866850321394 0.28193594818279955 0.025252525252525252 0.012594458438287154
3 0.3758034894398531 0.275098956459158 0.022497704315886134 0.011155091759625764
3 0.3783287419651056 0.26844188557034904 0.01928374655647383 0.010795250089960417
3 0.38016528925619836 0.2612450521770421 0.023875114784205693 0.011514933429291111
3 0.3838383838383838 0.2554875854623965 0.01928374655647383 0.010075566750629723
3 0.38544536271809 0.24847067290392227 0.023415977961432508 0.011155091759625764
3 0.40610651974288337 0.27311982727599854 0.02157943067033976 0.010075566750629723
3 0.40059687786960513 0.2866138898884491 0.023415977961432508 0.01187477509895646
3 0.5778236914600551 0.18873695573947463 0.03443526170798898 0.01835192515293271
3 0.39990817263544537 0.29363080244692336 0.02662993572084481 0.010795250089960417
3 0.5927456382001837 0.15922993882691616 0.030303030303030304 0.016192875134940627
3 0.46831955922865015 0.30316660669305506 0.02938475665748393 0.016192875134940627
3 0.4724517906336088 0.2954300107952501 0.023875114784205693 0.013673983447283196
3 0.4804866850321396 0.28895286074127385 0.02157943067033976 0.012234616768621807
3 0.48163452708907256 0.27995681899964014 0.02938475665748393 0.01583303346527528
3 0.4869146005509642 0.2729399064411659 0.025252525252525252 0.015473191795609931
3 0.4898989898989899 0.26376394386469953 0.025711662075298437 0.01439366678661389
3 0.494949494949495 0.2560273479668946 0.024793388429752067 0.014033825116948543
3 0.501147842056933 0.2490104354084203 0.027089072543617997 0.015113350125944584
3 0.5055096418732782 0.24127383951061532 0.028466483011937556 0.015473191795609931
3 0.5114784205693297 0.2333573227779777 0.024793388429752067 0.013314141777617848
3 0.5126262626262627 0.22418136020151133 0.03168044077134986 0.01727240014393667
3 0.5174471992653811 0.21572508096437568 0.02938475665748393 0.016192875134940627
3 0.5238751147842057 0.20924793091039942 0.02662993572084481 0.012594458438287154
3 0.5286960514233241 0.20043181000359842 0.03076216712580349 0.015113350125944584
3 0.5344352617079889 0.1908960057574667 0.028466483011937556 0.014753508456279237
3 0.5385674931129476 0.18297948902482908 0.030303030303030304 0.015473191795609931
3 0.5438475665748393 0.17542281396185677 0.026170798898071626 0.012594458438287154
3 0.5500459136822773 0.16606693055055777 0.031221303948576674 0.01691255847427132
3 0.5548668503213958 0.15599136379992803 0.029843893480257115 0.01691255847427132
3 0.5594582185491277 0.14753508456279238 0.03351698806244261 0.01943145016192875
3 0.3923324150596878 0.2353364519611371 0.022497704315886134 0.010795250089960417
3 0.3939393939393939 0.22867938107232819 0.020202020202020204 0.009715725080964376
3 0.3969237832874197 0.22274199352284996 0.022497704315886134 0.011514933429291111
3 0.39967860422405876 0.21518531845987765 0.02157943067033976 0.010795250089960417
4 0.4097796143250689 0.22562072688017273 0.10973370064279155 0.15545160129543
4 0.5323691460055097 0.2324577186038143 0.16299357208448118 0.19143576826196473
4 0.9015151515151515 0.674163368118028 0.07024793388429752 0.22921914357682618
4 0.80188246097337 0.6757826556315222 0.0573921028466483 0.23821518531845987
4 0.7192378328741965 0.6872975890608133 0.05463728191000918 0.24037423533645197
4 0.6384297520661157 0.6854983807124865 0.05371900826446281 0.24109391867578264
4 0.5599173553719008 0.6921554516012954 0.050045913682277315 0.2572867938107233
4 0.4818640955004591 0.68909679740914 0.05647382920110193 0.2547679021230658
4 0.38039485766758496 0.706729039222742 0.06473829201101929 0.21734436847786973
4 0.3071625344352617 0.7650233897085282 0.08907254361799816 0.1043540842029507
4 0.30303030303030304 0.6183879093198993 0.09366391184573003 0.10399424253328536
4 0.19168962350780533 0.631162288593019 0.07851239669421488 0.08564231738035265
4 0.11019283746556474 0.6133501259445844 0.05417814508723599 0.08456279237135661
4 0.19880624426078972 0.4742713206189277 0.08723599632690542 0.03382511694854264
4 0.3475665748393021 0.5257286793810724 0.08539944903581267 0.048218783735156534
4 0.22566574839302111 0.5305865419215545 0.08310376492194674 0.0852824757106873
4 0.14072543617998162 0.516552716804606 0.05371900826446281 0.08168405901403382
4 0.3034894398530762 0.4453040662108672 0.2571166207529844 0.08024469233537243
4 0.3450413223140496 0.39636559913638 0.23186409550045914 0.06801007556675064
4 0.3693755739210285 0.35174523209787695 0.2401285583103765 0.06872975890608132
4 0.3721303948576676 0.3076646275638719 0.21533516988062443 0.05469593378913278
3 0.35674931129476584 0.1493342929111191 0.023875114784205693 0.010075566750629723
3 0.35330578512396693 0.1597697013314142 0.025252525252525252 0.010795250089960417
3 0.3507805325987144 0.16678661388988844 0.023875114784205693 0.009715725080964376
3 0.31955922865013775 0.2675422813961857 0.02203856749311295 0.01043540842029507
3 0.40128558310376494 0.20888808924073407 0.02295684113865932 0.01043540842029507
3 0.4003673094582185 0.20169125584742714 0.024793388429752067 0.01187477509895646
3 0.40472910927456385 0.19377473911478948 0.026170798898071626 0.01187477509895646
3 0.40771349862258954 0.18657790572148256 0.025711662075298437 0.01187477509895646
3 0.41368227731864093 0.17182439726520332 0.025711662075298437 0.012594458438287154
3 0.4164370982552801 0.16498740554156172 0.023875114784205693 0.011155091759625764
3 0.4182736455463728 0.1570708888089241 0.024793388429752067 0.011155091759625764
3 0.3142791551882461 0.28481468154012235 0.022497704315886134 0.009715725080964376
3 0.31657483930211205 0.2763584023029867 0.02157943067033976 0.010075566750629723
3 0.3243801652892562 0.26088521050737673 0.026170798898071626 0.010075566750629723
3 0.34733700642791554 0.1766822598056855 0.024334251606978878 0.010795250089960417
3 0.3246097337006428 0.2517092479309104 0.025711662075298437 0.01043540842029507
3 0.3273645546372819 0.24325296869377475 0.024793388429752067 0.010075566750629723
3 0.3305785123966942 0.2360561353004678 0.02203856749311295 0.00791651673263764
3 0.33218549127640035 0.22616048938467073 0.01790633608815427 0.008276358402302987
3 0.3347107438016529 0.21734436847786973 0.020202020202020204 0.008636200071968334
3 0.33585858585858586 0.2094278517452321 0.022497704315886134 0.010795250089960417
3 0.3397612488521579 0.20097157250809644 0.021120293847566574 0.008996041741633681
3 0.3432047750229568 0.19287513494062614 0.023415977961432508 0.009355883411299028
3 0.34527089072543615 0.18585822238215186 0.024793388429752067 0.009715725080964376
3 0.5833333333333334 0.17956099316300828 0.03627180899908173 0.017992083483267363
3 0.5718549127640037 0.19755307664627564 0.03627180899908173 0.01943145016192875
3 0.2196969696969697 0.49298308744152575 0.024334251606978878 0.009355883411299028
3 0.36845730027548207 0.35912198632601655 0.007805325987144169 0.012954300107952501
3 0.38314967860422405 0.36128103634400865 0.010560146923783287 0.013673983447283196
3 0.391643709825528 0.36254048218783735 0.009182736455463728 0.012594458438287154
3 0.39784205693296604 0.36451961137099675 0.008723599632690543 0.012234616768621807
3 0.4129935720844812 0.3668585822238215 0.010560146923783287 0.013314141777617848
3 0.42033976124885214 0.3682979489024829 0.009641873278236915 0.013314141777617848
3 0.4423783287419651 0.37261604893846706 0.008723599632690543 0.013314141777617848
3 0.4497245179063361 0.3751349406261245 0.01147842056932966 0.013314141777617848
3 0.2628558310376492 0.3242173443684779 0.006887052341597796 0.010795250089960417
3 0.2706611570247934 0.3254767902123066 0.008723599632690543 0.01187477509895646
3 0.28512396694214875 0.32781576106513133 0.008264462809917356 0.010795250089960417
3 0.29224058769513317 0.32925512774379273 0.008723599632690543 0.011514933429291111
3 0.29981634527089074 0.33123425692695213 0.008264462809917356 0.011155091759625764
3 0.3142791551882461 0.3328535444404462 0.007805325987144169 0.010795250089960417
3 0.3209366391184573 0.33483267362360564 0.0073461891643709825 0.011155091759625764
3 0.3282828282828283 0.335732277797769 0.0073461891643709825 0.010795250089960417
3 0.34917355371900827 0.33933069449442244 0.007805325987144169 0.010075566750629723
3 0.35560146923783287 0.34023029866858584 0.008723599632690543 0.012594458438287154
3 0.36340679522497704 0.3413098236775819 0.006887052341597796 0.011155091759625764
3 0.3693755739210285 0.34202950701691254 0.007805325987144169 0.01187477509895646
3 0.38475665748393023 0.3452680820439007 0.0073461891643709825 0.011155091759625764
3 0.3907254361799816 0.3472472112270601 0.008264462809917356 0.011514933429291111
3 0.3751147842056933 0.36038143216984525 0.008264462809917356 0.012594458438287154
3 0.36065197428833795 0.3575026988125225 0.008723599632690543 0.012594458438287154
3 0.5674931129476584 0.20762864339690537 0.03856749311294766 0.01943145016192875
3 0.34573002754820936 0.35444404462036705 0.010101010101010102 0.012234616768621807
3 0.23094582185491278 0.5651313422094278 0.03397612488521579 0.014033825116948543
3 0.23507805325987144 0.5546959337891327 0.03489439853076217 0.014033825116948543
3 0.2366850321395776 0.5455199712126664 0.029843893480257115 0.012954300107952501
3 0.2394398530762167 0.5361640878013674 0.03076216712580349 0.012234616768621807
3 0.2465564738292011 0.517092479309104 0.031221303948576674 0.012954300107952501
3 0.24839302112029385 0.4987405541561713 0.027548209366391185 0.011514933429291111
3 0.3351698806244261 0.5696293630802447 0.03213957759412305 0.018711766822598057
3 0.3544536271808999 0.5379632961496942 0.028466483011937556 0.012954300107952501
3 0.3243801652892562 0.5215905001799208 0.03351698806244261 0.014033825116948543
3 0.3650137741046832 0.5206908960057575 0.03489439853076217 0.013673983447283196
3 0.3252984389348026 0.5127743792731199 0.032598714416896234 0.013673983447283196
3 0.2518365472910927 0.33807124865059374 0.007805325987144169 0.011155091759625764
3 0.26836547291092744 0.34094998200791654 0.007805325987144169 0.011155091759625764
3 0.2764003673094582 0.34346887369557394 0.008264462809917356 0.01043540842029507
3 0.2842056932966024 0.3438287153652393 0.009182736455463728 0.012594458438287154
3 0.29178145087235996 0.3452680820439007 0.008723599632690543 0.012594458438287154
3 0.29981634527089074 0.34616768621806404 0.008264462809917356 0.012954300107952501
3 0.30670339761248855 0.34760705289672544 0.009182736455463728 0.012954300107952501
3 0.3154269972451791 0.34904641957538685 0.0073461891643709825 0.010795250089960417
3 0.32277318640955005 0.3506657070888809 0.008264462809917356 0.012594458438287154
3 0.331267217630854 0.35174523209787695 0.007805325987144169 0.011155091759625764
3 0.3987603305785124 0.34886649874055414 0.008723599632690543 0.011155091759625764
3 0.40610651974288337 0.3494062612450522 0.008723599632690543 0.010075566750629723
3 0.42033976124885214 0.3521050737675423 0.007805325987144169 0.01043540842029507
3 0.4279155188246097 0.35372436128103635 0.008264462809917356 0.011514933429291111
3 0.3409090909090909 0.30460597337171647 0.008723599632690543 0.012594458438287154
3 0.32598714416896235 0.30172724001439366 0.008264462809917356 0.013314141777617848
3 0.317722681359045 0.3001079525008996 0.009182736455463728 0.012954300107952501
3 0.3108356290174472 0.2986685858222382 0.009182736455463728 0.012954300107952501
3 0.30325987144168964 0.29776898164807486 0.008723599632690543 0.013314141777617848
3 0.2959136822773186 0.29704929830874416 0.007805325987144169 0.01187477509895646
3 0.28833792470156105 0.29507016912558476 0.009182736455463728 0.012234616768621807
3 0.2741046831955923 0.29219143576826195 0.010101010101010102 0.012234616768621807
3 0.2665289256198347 0.2912918315940986 0.009641873278236915 0.014033825116948543
3 0.5989439853076217 0.15239294710327456 0.032598714416896234 0.01691255847427132
3 0.49242424242424243 0.32925512774379273 0.03443526170798898 0.01727240014393667
3 0.5 0.31270241093918677 0.027548209366391185 0.013673983447283196
3 0.5080348943985308 0.30586541921554516 0.03351698806244261 0.018711766822598057
3 0.5144628099173554 0.2893127024109392 0.03076216712580349 0.01583303346527528
3 0.5204315886134068 0.28211586901763225 0.029843893480257115 0.015113350125944584
3 0.5273186409550046 0.27527887729399064 0.03351698806244261 0.01727240014393667
3 0.5328282828282829 0.25638718963655993 0.026170798898071626 0.013314141777617848
3 0.54178145087236 0.2511694854264124 0.02938475665748393 0.01439366678661389
3 0.5447658402203857 0.24163368118028067 0.03535353535353535 0.017632241813602016
3 0.5546372819100092 0.22544080604534006 0.03213957759412305 0.016192875134940627
3 0.5599173553719008 0.21644476430370638 0.03443526170798898 0.017632241813602016
3 0.3475665748393021 0.3060453400503778 0.008264462809917356 0.011155091759625764
3 0.35537190082644626 0.3074847067290392 0.008264462809917356 0.012594458438287154
3 0.3624885215794307 0.30838431090320256 0.007805325987144169 0.012954300107952501
3 0.45867768595041325 0.3254767902123066 0.008264462809917356 0.012594458438287154
3 0.4345730027548209 0.3546239654551997 0.006887052341597796 0.01187477509895646
3 0.4423783287419651 0.35570349046419575 0.007805325987144169 0.01187477509895646
3 0.4490358126721763 0.3575026988125225 0.0073461891643709825 0.011155091759625764
3 0.4563820018365473 0.3582223821518532 0.0073461891643709825 0.01187477509895646
3 0.4669421487603306 0.37729399064411656 0.01928374655647383 0.008996041741633681
3 0.4722222222222222 0.36991723641597696 0.026170798898071626 0.010795250089960417
3 0.47428833792470154 0.362180640518172 0.02662993572084481 0.011155091759625764
3 0.4726813590449954 0.3281756027347967 0.009641873278236915 0.013673983447283196
3 0.46441689623507804 0.3263763943864699 0.008723599632690543 0.012234616768621807
3 0.4508723599632691 0.3243972652033105 0.008264462809917356 0.012594458438287154
3 0.3693755739210285 0.31072328175602737 0.008723599632690543 0.014033825116948543
3 0.44375573921028466 0.3229578985246492 0.009641873278236915 0.013314141777617848
3 0.4361799816345271 0.3215185318459878 0.008264462809917356 0.012594458438287154
3 0.4286042240587695 0.3202590860021591 0.008723599632690543 0.012234616768621807
3 0.4212580348943985 0.3189996401583303 0.008723599632690543 0.013314141777617848
3 0.40633608815426997 0.3163008276358402 0.009182736455463728 0.012954300107952501
3 0.3992194674012856 0.31522130262684417 0.008723599632690543 0.012954300107952501
3 0.391643709825528 0.31342209427851747 0.008264462809917356 0.012954300107952501
3 0.38360881542699726 0.3123425692695214 0.009641873278236915 0.013673983447283196
3 0.37649219467401285 0.31126304426052537 0.008264462809917356 0.012954300107952501
3 0.5755280073461891 0.5905001799208348 0.016069788797061526 0.005037783375314861
3 0.5752984389348026 0.6034544800287873 0.01652892561983471 0.0057574667146455556
3 0.8826905417814509 0.8038862900323858 0.02066115702479339 0.006477150053976251
3 0.3411386593204775 0.40428211586901763 0.010101010101010102 0.012594458438287154
3 0.3266758494031221 0.40302267002518893 0.007805325987144169 0.009355883411299028
3 0.31887052341597794 0.40140338251169483 0.01147842056932966 0.013314141777617848
3 0.2956841138659321 0.39636559913638 0.010101010101010102 0.012594458438287154
3 0.28810835629017445 0.3960057574667146 0.008723599632690543 0.01187477509895646
3 0.27249770431588616 0.3936667866138899 0.008723599632690543 0.013673983447283196
3 0.25826446280991733 0.39024829075206907 0.009641873278236915 0.01187477509895646
3 0.2428833792470156 0.3871896365599136 0.010101010101010102 0.012954300107952501
3 0.23438934802571165 0.38557034904641957 0.010560146923783287 0.013314141777617848
3 0.22750229568411387 0.3852105073767542 0.008723599632690543 0.012594458438287154
3 0.2128099173553719 0.3819719323497661 0.007805325987144169 0.013314141777617848
3 0.45202020202020204 0.40716084922634044 0.008723599632690543 0.012594458438287154
3 0.4444444444444444 0.4053616408780137 0.008264462809917356 0.01187477509895646
3 0.4361799816345271 0.40374235336451963 0.010101010101010102 0.012954300107952501
3 0.4286042240587695 0.40428211586901763 0.008723599632690543 0.011155091759625764
3 0.42056932966023874 0.4019431450161929 0.0073461891643709825 0.011514933429291111
3 0.41391184573002754 0.40104354084202953 0.008723599632690543 0.012594458438287154
3 0.40633608815426997 0.39960417416336813 0.009182736455463728 0.013314141777617848
3 0.39807162534435264 0.3979848866498741 0.010101010101010102 0.01439366678661389
3 0.39026629935720847 0.3956459157970493 0.008264462809917356 0.01187477509895646
3 0.3838383838383838 0.39420654911838793 0.006427915518824609 0.011155091759625764
3 0.3748852157943067 0.3934868657790572 0.009641873278236915 0.013314141777617848
3 0.3342516069788797 0.4032025908600216 0.011019283746556474 0.013314141777617848
3 0.35032139577594124 0.4059014033825117 0.011019283746556474 0.012234616768621807
3 0.35973370064279153 0.3907880532565671 0.008723599632690543 0.012234616768621807
3 0.35720844811753905 0.4073407700611731 0.011019283746556474 0.012954300107952501
3 0.19421487603305784 0.413997840949982 0.011019283746556474 0.013314141777617848
3 0.23255280073461893 0.47876934148974454 0.009641873278236915 0.013314141777617848
3 0.22428833792470157 0.4776898164807485 0.01147842056932966 0.015473191795609931
3 0.21533516988062443 0.47643037063691973 0.011937557392102846 0.01583303346527528
3 0.20730027548209368 0.4748110831234257 0.012396694214876033 0.01691255847427132
3 0.19903581267217632 0.473011874775099 0.012396694214876033 0.016192875134940627
3 0.19054178145087236 0.4706729039222742 0.011019283746556474 0.01439366678661389
3 0.18158861340679522 0.4694134580784455 0.01147842056932966 0.015473191795609931
3 0.17378328741965104 0.4672544080604534 0.01147842056932966 0.015473191795609931
3 0.1657483930211203 0.4672544080604534 0.010101010101010102 0.013314141777617848
3 0.44674012855831036 0.42317380352644834 0.009182736455463728 0.012954300107952501
3 0.44031221303948576 0.42191435768261965 0.008264462809917356 0.01043540842029507
3 0.432277318640955 0.42119467434328894 0.010560146923783287 0.015473191795609931
3 0.4253902662993572 0.4193954659949622 0.008723599632690543 0.01187477509895646
3 0.41712580348943984 0.41849586182079884 0.008723599632690543 0.012234616768621807
3 0.4090909090909091 0.41921554516012954 0.010101010101010102 0.01439366678661389
3 0.4019742883379247 0.41525728679381074 0.008723599632690543 0.012954300107952501
3 0.3953168044077135 0.41381792011514934 0.009182736455463728 0.012234616768621807
3 0.3875114784205693 0.41237855343648794 0.010101010101010102 0.013673983447283196
3 0.3810835629017447 0.41165887009715724 0.008264462809917356 0.010795250089960417
3 0.3723599632690542 0.41165887009715724 0.010101010101010102 0.012954300107952501
3 0.3686868686868687 0.3916876574307305 0.008264462809917356 0.01187477509895646
3 0.3530762167125803 0.3900683699172364 0.0073461891643709825 0.012234616768621807
3 0.5757575757575758 0.610831234256927 0.015610651974288337 0.0053976250449802084
3 0.9040404040404041 0.6993522849946023 0.011019283746556474 0.023389708528247573
3 0.9044995408631772 0.7599856063332134 0.012855831037649219 0.01943145016192875
3 0.8787878787878788 0.7808564231738035 0.02295684113865932 0.006477150053976251
3 0.8790174471992653 0.7722202231018352 0.025252525252525252 0.006477150053976251
3 0.8799357208448118 0.7632241813602015 0.026170798898071626 0.006477150053976251
3 0.880394857667585 0.7540482187837352 0.026170798898071626 0.007556675062972292
3 0.8813131313131313 0.7371356603094639 0.023415977961432508 0.007556675062972292
3 0.8817722681359045 0.7279596977329975 0.027089072543617997 0.007196833393306945
3 0.8820018365472911 0.7184238934868658 0.02662993572084481 0.0061173083843109035
3 0.8817722681359045 0.7099676142497301 0.026170798898071626 0.00791651673263764
3 0.8829201101928374 0.7011514933429291 0.023875114784205693 0.007556675062972292
3 0.8831496786042241 0.6851385390428212 0.026170798898071626 0.007196833393306945
3 0.8852157943067034 0.6768621806405182 0.02203856749311295 0.00791651673263764
3 0.8822314049586777 0.6680460597337171 0.024334251606978878 0.0061173083843109035
3 0.8829201101928374 0.6608492263404102 0.024793388429752067 0.006836991723641598
3 0.8845270890725436 0.6525728679381072 0.025252525252525252 0.006836991723641598
3 0.8845270890725436 0.6451961137099677 0.026170798898071626 0.006477150053976251
3 0.88544536271809 0.6299028427491904 0.026170798898071626 0.0061173083843109035
3 0.8849862258953168 0.6138898884490824 0.024334251606978878 0.006477150053976251
3 0.8852157943067034 0.6059733717164447 0.025711662075298437 0.0057574667146455556
3 0.8852157943067034 0.5985966174883052 0.025711662075298437 0.0061173083843109035
3 0.8875114784205693 0.5908600215905002 0.024793388429752067 0.007196833393306945
3 0.9026629935720845 0.732637639438647 0.009182736455463728 0.020151133501259445
3 0.9139118457300276 0.6818999640158331 0.024334251606978878 0.007196833393306945
3 0.34527089072543615 0.3873695573947463 0.008264462809917356 0.012594458438287154
3 0.9139118457300276 0.6732637639438647 0.022497704315886134 0.007196833393306945
3 0.3379247015610652 0.3866498740554156 0.006427915518824609 0.011155091759625764
3 0.3298898071625344 0.38503058654192157 0.009641873278236915 0.01439366678661389
3 0.3218549127640037 0.38413098236775817 0.008264462809917356 0.012594458438287154
3 0.3149678604224059 0.3826916156890968 0.009182736455463728 0.013314141777617848
3 0.30785123966942146 0.3810723281756027 0.008723599632690543 0.012234616768621807
3 0.29935720844811753 0.3799928031666067 0.008264462809917356 0.012234616768621807
3 0.29178145087235996 0.3785534364879453 0.008723599632690543 0.012234616768621807
3 0.27571166207529846 0.3763943864699532 0.010560146923783287 0.013673983447283196
3 0.2601010101010101 0.3729758906081324 0.009641873278236915 0.013314141777617848
3 0.2513774104683196 0.37189636559913636 0.008723599632690543 0.013314141777617848
3 0.24471992653810837 0.3688377114069809 0.011019283746556474 0.01583303346527528
3 0.9614325068870524 0.6183879093198993 0.017447199265381085 0.020510975170924792
3 0.9201101928374655 0.5680100755667506 0.03213957759412305 0.007556675062972292
3 0.9194214876033058 0.578265563152213 0.03168044077134986 0.00791651673263764
3 0.9171258034894398 0.6038143216984527 0.02800734618916437 0.006477150053976251
3 0.9157483930211203 0.6115509175962577 0.026170798898071626 0.0061173083843109035
3 0.9168962350780533 0.6192875134940626 0.024793388429752067 0.006477150053976251
3 0.9148301193755739 0.6266642677222022 0.02157943067033976 0.006836991723641598
3 0.9162075298438935 0.6344008636200072 0.023415977961432508 0.006477150053976251
3 0.9148301193755739 0.6417776178481468 0.022497704315886134 0.006836991723641598
3 0.912534435261708 0.6496941345807845 0.02066115702479339 0.006836991723641598
3 0.20224977043158862 0.4156171284634761 0.008723599632690543 0.013673983447283196
3 0.21051423324150598 0.4166966534724721 0.009641873278236915 0.012234616768621807
3 0.21763085399449036 0.4174163368118028 0.011019283746556474 0.01439366678661389
3 0.3342516069788797 0.15581144296509536 0.008264462809917356 0.010795250089960417
3 0.3269054178145087 0.17884130982367757 0.008264462809917356 0.010075566750629723
3 0.31932966023875115 0.1923353724361281 0.015151515151515152 0.015473191795609931
3 0.2972910927456382 0.2770780856423174 0.009641873278236915 0.012234616768621807
3 0.3009641873278237 0.2628643396905362 0.009641873278236915 0.014753508456279237
3 0.30601469237832873 0.24775098956459157 0.008723599632690543 0.013314141777617848
3 0.310376492194674 0.233177401943145 0.009182736455463728 0.012234616768621807
3 0.30991735537190085 0.21806405181720043 0.017447199265381085 0.01727240014393667
3 0.2428833792470156 0.33825116948542644 0.009182736455463728 0.012954300107952501
3 0.1423324150596878 0.4674343288952861 0.017447199265381085 0.007196833393306945
3 0.15633608815426997 0.465275278877294 0.007805325987144169 0.011514933429291111
3 0.16046831955922866 0.45394026628283557 0.009641873278236915 0.01187477509895646
3 0.1655188246097337 0.4391867578265563 0.009641873278236915 0.01187477509895646
3 0.17079889807162535 0.42335372436128105 0.009182736455463728 0.012594458438287154
3 0.13269054178145087 0.4830874415257287 0.0073461891643709825 0.012594458438287154
3 0.12304866850321396 0.501079525008996 0.015610651974288337 0.014753508456279237
3 0.4256198347107438 0.4769701331414178 0.008264462809917356 0.012594458438287154
3 0.4157483930211203 0.47589060813242173 0.01147842056932966 0.015473191795609931
3 0.40771349862258954 0.47463116228859303 0.011019283746556474 0.015113350125944584
3 0.40059687786960513 0.4733717164447643 0.009641873278236915 0.015473191795609931
3 0.390495867768595 0.47175242893127023 0.008723599632690543 0.012234616768621807
3 0.38337924701561066 0.4701331414177762 0.010101010101010102 0.015473191795609931
3 0.32920110192837465 0.16804605973371717 0.009182736455463728 0.012954300107952501
3 0.33723599632690543 0.14537603454480028 0.007805325987144169 0.010075566750629723
3 0.22497704315886133 0.41993522849946024 0.009182736455463728 0.012954300107952501
3 0.358356290174472 0.14033825116948542 0.016069788797061526 0.007196833393306945
3 0.2860422405876951 0.7216624685138538 0.025711662075298437 0.015473191795609931
3 0.28512396694214875 0.7293990644116589 0.015610651974288337 0.008636200071968334
3 0.2874196510560147 0.7355163727959698 0.017447199265381085 0.009355883411299028
3 0.29178145087235996 0.7410939186757827 0.016988062442607896 0.008276358402302987
3 0.29545454545454547 0.7464915437207629 0.016988062442607896 0.01043540842029507
3 0.29958677685950413 0.7522490104354084 0.015151515151515152 0.008276358402302987
3 0.30280073461891643 0.7574667146455559 0.016988062442607896 0.010075566750629723
3 0.30922865013774103 0.768981648074847 0.016069788797061526 0.010075566750629723
3 0.3138200183654729 0.7743792731198272 0.016069788797061526 0.009355883411299028
3 0.31657483930211205 0.7799568189996402 0.016069788797061526 0.008996041741633681
3 0.3207070707070707 0.7857142857142857 0.016988062442607896 0.008996041741633681
3 0.323921028466483 0.791651673263764 0.014233241505968778 0.00791651673263764
3 0.3273645546372819 0.7972292191435768 0.017447199265381085 0.01043540842029507
3 0.3314967860422406 0.8033465275278877 0.018365472910927456 0.01043540842029507
3 0.30578512396694213 0.7891327815761066 0.011937557392102846 0.012954300107952501
3 0.2940771349862259 0.7731198272759986 0.012396694214876033 0.013314141777617848
3 0.28351698806244263 0.7549478229578985 0.012396694214876033 0.011514933429291111
3 0.2644628099173554 0.7322777977689816 0.010101010101010102 0.009355883411299028
3 0.08494031221303948 0.6354803886290032 0.008264462809917356 0.010075566750629723
3 0.08861340679522497 0.6252249010435409 0.008264462809917356 0.009715725080964376
3 0.0911386593204775 0.6146095717884131 0.009641873278236915 0.012234616768621807
3 0.3746556473829201 0.4683339330694494 0.008264462809917356 0.014033825116948543
3 0.3675390266299357 0.4668945663907881 0.010560146923783287 0.016192875134940627
3 0.359504132231405 0.4650953580424613 0.009182736455463728 0.014753508456279237
3 0.35055096418732784 0.4636559913637999 0.008723599632690543 0.015473191795609931
3 0.40610651974288337 0.4568189996401583 0.009641873278236915 0.012594458438287154
3 0.398989898989899 0.45519971212666427 0.008264462809917356 0.012234616768621807
3 0.3918732782369146 0.45448002878733357 0.010560146923783287 0.013673983447283196
3 0.3845270890725436 0.45106153292551276 0.008723599632690543 0.01187477509895646
3 0.37695133149678606 0.45124145376034547 0.009182736455463728 0.011514933429291111
3 0.3686868686868687 0.4494422454120187 0.009182736455463728 0.012954300107952501
3 0.3615702479338843 0.44710327455919396 0.006887052341597796 0.009715725080964376
3 0.3546831955922865 0.4465635120546959 0.010560146923783287 0.012954300107952501
3 0.34687786960514233 0.4445843828715365 0.008723599632690543 0.01187477509895646
3 0.33953168044077137 0.4427851745232098 0.007805325987144169 0.01187477509895646
3 0.3319559228650138 0.4418855703490464 0.009182736455463728 0.012954300107952501
3 0.3241505968778696 0.43900683699172366 0.011019283746556474 0.015113350125944584
3 0.3087695133149679 0.4366678661388989 0.009641873278236915 0.012594458438287154
3 0.3011937557392103 0.4350485786254048 0.008264462809917356 0.012234616768621807
3 0.29338842975206614 0.4337891327815761 0.008264462809917356 0.012594458438287154
3 0.2865013774104683 0.43198992443324935 0.010101010101010102 0.013314141777617848
3 0.2777777777777778 0.43073047858942065 0.011019283746556474 0.013673983447283196
3 0.25573921028466484 0.42605253688377115 0.009182736455463728 0.013673983447283196
3 0.24793388429752067 0.42461317020510975 0.009182736455463728 0.012954300107952501
3 0.2401285583103765 0.422813961856783 0.009182736455463728 0.012234616768621807
3 0.23209366391184574 0.422274199352285 0.007805325987144169 0.011155091759625764
3 0.41460055096418735 0.45735876214465637 0.011937557392102846 0.01439366678661389
3 0.4212580348943985 0.45915797049298307 0.01147842056932966 0.015113350125944584
3 0.4350321395775941 0.4604174163368118 0.016988062442607896 0.017632241813602016
3 0.269742883379247 0.44638359121986326 0.009641873278236915 0.014753508456279237
3 0.3432047750229568 0.4616768621806405 0.009641873278236915 0.015113350125944584
3 0.3349403122130395 0.4596977329974811 0.010560146923783287 0.014753508456279237
3 0.32598714416896235 0.45915797049298307 0.011019283746556474 0.017992083483267363
3 0.31887052341597794 0.456998920474991 0.010560146923783287 0.01583303346527528
3 0.3101469237832874 0.4555595537963296 0.009641873278236915 0.016552716804605974
3 0.30303030303030304 0.4534005037783375 0.010101010101010102 0.015113350125944584
3 0.29338842975206614 0.45250089960417417 0.008264462809917356 0.012594458438287154
3 0.2860422405876951 0.45124145376034547 0.009182736455463728 0.01583303346527528
3 0.2775482093663912 0.4480028787333573 0.008723599632690543 0.01439366678661389
3 0.26216712580348944 0.44566390788053256 0.009182736455463728 0.016192875134940627
3 0.45041322314049587 0.4748110831234257 0.014692378328741965 0.016192875134940627
3 0.2545913682277319 0.4438646995322058 0.008723599632690543 0.014033825116948543
3 0.2460973370064279 0.44242533285354446 0.009182736455463728 0.014033825116948543
3 0.23806244260789716 0.4400863620007197 0.008723599632690543 0.013673983447283196
3 0.22910927456382002 0.4391867578265563 0.010101010101010102 0.015473191795609931
3 0.22130394857667585 0.43756747031306226 0.010101010101010102 0.01439366678661389
3 0.2125803489439853 0.4357682619647355 0.011937557392102846 0.015113350125944584
3 0.20477502295684114 0.43558834112990286 0.011019283746556474 0.016192875134940627
3 0.1887052341597796 0.43073047858942065 0.009182736455463728 0.01439366678661389
3 0.1781450872359963 0.43001079525008995 0.010101010101010102 0.015113350125944584
3 0.8875114784205693 0.5829435048578625 0.02295684113865932 0.007196833393306945
3 0.8865932047750229 0.5753868297948902 0.023875114784205693 0.0057574667146455556
3 0.8865932047750229 0.567830154731918 0.025711662075298437 0.007196833393306945
3 0.650137741046832 0.7108672184238934 0.01928374655647383 0.0061173083843109035
3 0.6503673094582185 0.6968333933069449 0.02066115702479339 0.0061173083843109035
3 0.6503673094582185 0.6905361640878014 0.019742883379247015 0.006477150053976251
3 0.6503673094582185 0.6840590140338251 0.018824609733700644 0.007196833393306945
3 0.6522038567493113 0.6772220223101835 0.018824609733700644 0.006477150053976251
3 0.6519742883379247 0.670385030586542 0.015610651974288337 0.005037783375314861
3 0.6526629935720845 0.6644476430370637 0.02066115702479339 0.006836991723641598
3 0.6535812672176309 0.6583303346527528 0.018824609733700644 0.006836991723641598
3 0.6528925619834711 0.6446563512054696 0.020202020202020204 0.006836991723641598
3 0.6528925619834711 0.638359121986326 0.020202020202020204 0.006477150053976251
3 0.6528925619834711 0.6313422094278518 0.01928374655647383 0.0053976250449802084
3 0.6519742883379247 0.6248650593738755 0.02203856749311295 0.0061173083843109035
3 0.6538108356290174 0.6182079884850665 0.018365472910927456 0.006477150053976251
3 0.6540404040404041 0.6048938467074487 0.018824609733700644 0.0057574667146455556
3 0.6542699724517906 0.5984166966534725 0.015610651974288337 0.005037783375314861
3 0.6551882460973371 0.5922993882691616 0.017447199265381085 0.005037783375314861
3 0.6547291092745638 0.58546239654552 0.018365472910927456 0.006477150053976251
3 0.6554178145087236 0.5791651673263764 0.01790633608815427 0.004677941705649514
3 0.6540404040404041 0.5726880172724002 0.02066115702479339 0.0053976250449802084
3 0.621900826446281 0.794890248290752 0.025252525252525252 0.007196833393306945
3 0.6235078053259872 0.7873335732277797 0.021120293847566574 0.007196833393306945
3 0.6228191000918274 0.7790572148254767 0.018824609733700644 0.0057574667146455556
3 0.6515151515151515 0.7033105433609212 0.01928374655647383 0.0061173083843109035
3 0.6515151515151515 0.716624685138539 0.018365472910927456 0.0061173083843109035
3 0.7070707070707071 0.6527527887729399 0.020202020202020204 0.0057574667146455556
3 0.6508264462809917 0.7229219143576826 0.019742883379247015 0.006477150053976251
3 0.7077594123048668 0.6387189636559913 0.018824609733700644 0.005037783375314861
3 0.7077594123048668 0.631162288593019 0.01790633608815427 0.005037783375314861
3 0.709366391184573 0.6243252968693774 0.01928374655647383 0.006477150053976251
3 0.709366391184573 0.6169485426412379 0.020202020202020204 0.0061173083843109035
3 0.7079889807162535 0.6095717884130982 0.01652892561983471 0.006477150053976251
3 0.7086776859504132 0.602554875854624 0.01790633608815427 0.0053976250449802084
3 0.70821854912764 0.5951781216264843 0.016988062442607896 0.005037783375314861
3 0.7086776859504132 0.5802446923353725 0.01790633608815427 0.0061173083843109035
3 0.7102846648301194 0.5737675422813961 0.018365472910927456 0.0061173083843109035
3 0.7114325068870524 0.5647715005397625 0.019742883379247015 0.0061173083843109035
3 0.6829660238751147 0.8132421734436848 0.019742883379247015 0.0057574667146455556
3 0.6476124885215794 0.7952500899604175 0.02157943067033976 0.007196833393306945
3 0.6480716253443526 0.7884130982367759 0.019742883379247015 0.0057574667146455556
3 0.6492194674012856 0.775638718963656 0.01928374655647383 0.006836991723641598
3 0.6492194674012856 0.768981648074847 0.021120293847566574 0.005037783375314861
3 0.648989898989899 0.7625044980208708 0.019742883379247015 0.006477150053976251
3 0.6492194674012856 0.7554875854623966 0.01928374655647383 0.0061173083843109035
3 0.648989898989899 0.7490104354084203 0.018824609733700644 0.0061173083843109035
3 0.6496786042240588 0.7428931270241094 0.01928374655647383 0.0061173083843109035
3 0.6503673094582185 0.7358762144656351 0.018824609733700644 0.006477150053976251
3 0.650137741046832 0.7299388269161569 0.01928374655647383 0.0061173083843109035
3 0.6241965105601469 0.7707808564231738 0.02157943067033976 0.006477150053976251
3 0.6237373737373737 0.7632241813602015 0.02157943067033976 0.006477150053976251
3 0.6248852157943067 0.7554875854623966 0.02203856749311295 0.0061173083843109035
3 0.6251147842056933 0.7475710687297589 0.018824609733700644 0.006836991723641598
3 0.570018365472911 0.7736595897804965 0.01790633608815427 0.005037783375314861
3 0.5704775022956842 0.7677222022310184 0.018824609733700644 0.0061173083843109035
3 0.568870523415978 0.760705289672544 0.017447199265381085 0.0057574667146455556
3 0.5695592286501377 0.7542281396185678 0.016988062442607896 0.006477150053976251
3 0.5691000918273645 0.7470313062252609 0.016988062442607896 0.0057574667146455556
3 0.5702479338842975 0.7405541561712846 0.017447199265381085 0.005037783375314861
3 0.5709366391184573 0.7283195394026628 0.016988062442607896 0.005037783375314861
3 0.5709366391184573 0.7213026268441886 0.01790633608815427 0.0061173083843109035
3 0.571625344352617 0.7087081684059015 0.020202020202020204 0.007556675062972292
3 0.5718549127640037 0.7016912558474271 0.019742883379247015 0.006477150053976251
3 0.5720844811753902 0.6950341849586182 0.01652892561983471 0.006836991723641598
3 0.5725436179981634 0.6885570349046419 0.01652892561983471 0.0053976250449802084
3 0.57277318640955 0.6820798848506657 0.016988062442607896 0.0053976250449802084
3 0.5730027548209367 0.6759625764663548 0.01652892561983471 0.0061173083843109035
3 0.5736914600550964 0.6689456639078806 0.016069788797061526 0.005037783375314861
3 0.573921028466483 0.6626484346887369 0.01928374655647383 0.0053976250449802084
3 0.5732323232323232 0.6559913637999281 0.018824609733700644 0.0057574667146455556
3 0.5741505968778696 0.6428571428571429 0.018824609733700644 0.0061173083843109035
3 0.5743801652892562 0.6299028427491904 0.01652892561983471 0.0053976250449802084
3 0.5750688705234159 0.6234256926952141 0.01790633608815427 0.0053976250449802084
3 0.5748393021120294 0.6167686218064051 0.018365472910927456 0.0057574667146455556
3 0.5693296602387512 0.7801367398344728 0.018365472910927456 0.005037783375314861
3 0.5697887970615243 0.7867938107232818 0.01928374655647383 0.0053976250449802084
3 0.5695592286501377 0.7936308024469233 0.018824609733700644 0.0061173083843109035
3 0.6274104683195593 0.6433969053616408 0.022497704315886134 0.006477150053976251
3 0.6251147842056933 0.732097876934149 0.019742883379247015 0.007556675062972292
3 0.6267217630853994 0.7153652392947103 0.020202020202020204 0.007196833393306945
3 0.6253443526170799 0.707808564231738 0.020202020202020204 0.00791651673263764
3 0.6253443526170799 0.6937747391147895 0.018365472910927456 0.0057574667146455556
3 0.6260330578512396 0.6863979848866498 0.019742883379247015 0.0061173083843109035
3 0.6258034894398531 0.679740913997841 0.01652892561983471 0.005037783375314861
3 0.6258034894398531 0.6721842389348687 0.018365472910927456 0.005037783375314861
3 0.6274104683195593 0.6649874055415617 0.02066115702479339 0.0057574667146455556
3 0.628099173553719 0.6576106513134221 0.021120293847566574 0.006836991723641598
3 0.628099173553719 0.6365599136379992 0.020202020202020204 0.0057574667146455556
3 0.5686409550045913 0.8001079525008996 0.019742883379247015 0.0053976250449802084
3 0.6287878787878788 0.6290032385750269 0.018824609733700644 0.0057574667146455556
3 0.6290174471992653 0.6221662468513854 0.020202020202020204 0.006477150053976251
3 0.6297061524334252 0.6149694134580784 0.02066115702479339 0.006477150053976251
3 0.629247015610652 0.6075926592299389 0.02066115702479339 0.007556675062972292
3 0.6297061524334252 0.5939186757826557 0.02066115702479339 0.0061173083843109035
3 0.6287878787878788 0.5791651673263764 0.02066115702479339 0.006836991723641598
3 0.6294765840220385 0.5721482547679021 0.021120293847566574 0.007196833393306945
3 0.5686409550045913 0.8161209068010076 0.02066115702479339 0.012234616768621807
3 0.5686409550045913 0.8062252608852105 0.016069788797061526 0.0061173083843109035
3 0.7079889807162535 0.645555955379633 0.01928374655647383 0.0057574667146455556
3 0.7075298438934803 0.6601295430010795 0.015610651974288337 0.0061173083843109035
3 0.898989898989899 0.5566750629722922 0.04315886134067952 0.009355883411299028
3 0.8174931129476584 0.5964375674703131 0.023415977961432508 0.006836991723641598
3 0.8174931129476584 0.5809643756747032 0.023415977961432508 0.0061173083843109035
3 0.8186409550045913 0.5737675422813961 0.023875114784205693 0.006836991723641598
3 0.8181818181818182 0.5658510255487585 0.02295684113865932 0.006836991723641598
3 0.7835169880624426 0.7878733357322778 0.02066115702479339 0.007556675062972292
3 0.7846648301193756 0.7722202231018352 0.020202020202020204 0.006477150053976251
3 0.7853535353535354 0.7652033105433609 0.02066115702479339 0.0061173083843109035
3 0.7867309458218549 0.758546239654552 0.019742883379247015 0.007196833393306945
3 0.7846648301193756 0.7511694854264124 0.01928374655647383 0.0053976250449802084
3 0.7867309458218549 0.7365958978049658 0.019742883379247015 0.006477150053976251
3 0.7862718089990818 0.7292191435768262 0.02066115702479339 0.0061173083843109035
3 0.7867309458218549 0.7225620726880173 0.02157943067033976 0.005037783375314861
3 0.7869605142332415 0.715005397625045 0.021120293847566574 0.006477150053976251
3 0.7874196510560147 0.7085282475710687 0.02203856749311295 0.006477150053976251
3 0.7878787878787878 0.7009715725080964 0.018365472910927456 0.006477150053976251
3 0.7874196510560147 0.6939546599496221 0.021120293847566574 0.006836991723641598
3 0.7869605142332415 0.6865779057214826 0.020202020202020204 0.0057574667146455556
3 0.7867309458218549 0.6793810723281756 0.016988062442607896 0.006477150053976251
3 0.7878787878787878 0.6581504138179202 0.018365472910927456 0.0057574667146455556
3 0.788337924701561 0.6435768261964736 0.01928374655647383 0.0061173083843109035
3 0.7892561983471075 0.6365599136379992 0.020202020202020204 0.0057574667146455556
3 0.788337924701561 0.6288233177401943 0.012855831037649219 0.00395825836631882
3 0.8174931129476584 0.5885210507376755 0.024334251606978878 0.007556675062972292
3 0.816574839302112 0.60363440086362 0.022497704315886134 0.0053976250449802084
3 0.7063820018365473 0.6664267722202231 0.019742883379247015 0.0057574667146455556
3 0.8158861340679523 0.6110111550917596 0.020202020202020204 0.0057574667146455556
3 0.8119834710743802 0.7925512774379273 0.025252525252525252 0.006836991723641598
3 0.8110651974288338 0.785534364879453 0.018824609733700644 0.007196833393306945
3 0.8117539026629935 0.7776178481468154 0.024793388429752067 0.007196833393306945
3 0.8131313131313131 0.7700611730838431 0.02295684113865932 0.0057574667146455556
3 0.811524334251607 0.760705289672544 0.023415977961432508 0.007196833393306945
3 0.8129017447199265 0.7439726520331055 0.02157943067033976 0.008276358402302987
3 0.8131313131313131 0.7342569269521411 0.02295684113865932 0.0061173083843109035
3 0.8126721763085399 0.7263404102195035 0.02203856749311295 0.0061173083843109035
3 0.8138200183654729 0.717704210147535 0.023415977961432508 0.006836991723641598
3 0.8124426078971534 0.7022310183519251 0.024334251606978878 0.006836991723641598
3 0.8133608815426997 0.6944944224541202 0.024334251606978878 0.007196833393306945
3 0.8133608815426997 0.6867578265563152 0.025252525252525252 0.007556675062972292
3 0.8145087235996327 0.679740913997841 0.021120293847566574 0.006477150053976251
3 0.8147382920110193 0.6716444764303706 0.018824609733700644 0.0053976250449802084
3 0.8149678604224059 0.6639078805325657 0.024793388429752067 0.006477150053976251
3 0.8142791551882461 0.6567110471392588 0.025252525252525252 0.007196833393306945
3 0.8158861340679523 0.6491543720762865 0.02295684113865932 0.006477150053976251
3 0.8158861340679523 0.6414177761784815 0.020202020202020204 0.0053976250449802084
3 0.8163452708907254 0.6338611011155092 0.021120293847566574 0.0061173083843109035
3 0.8145087235996327 0.6270241093918676 0.02295684113865932 0.007556675062972292
3 0.8161157024793388 0.6189276718243972 0.022497704315886134 0.007196833393306945
3 0.7899449035812672 0.6225260885210507 0.019742883379247015 0.0057574667146455556
3 0.7901744719926538 0.6079525008996042 0.020202020202020204 0.0061173083843109035
3 0.7904040404040404 0.6003958258366319 0.02157943067033976 0.0053976250449802084
3 0.7904040404040404 0.593198992443325 0.02066115702479339 0.0061173083843109035
3 0.7341597796143251 0.6173083843109032 0.01928374655647383 0.0061173083843109035
3 0.7343893480257117 0.595897804965815 0.022497704315886134 0.0057574667146455556
3 0.7343893480257117 0.5888808924073408 0.023415977961432508 0.0061173083843109035
3 0.7357667584940312 0.5739474631162289 0.01790633608815427 0.0057574667146455556
3 0.737603305785124 0.5656711047139259 0.019742883379247015 0.006477150053976251
3 0.7029384756657484 0.8047858942065491 0.020202020202020204 0.0061173083843109035
3 0.702020202020202 0.7968693774739115 0.01928374655647383 0.006836991723641598
3 0.7045454545454546 0.7887729399064412 0.018824609733700644 0.0057574667146455556
3 0.7036271808999082 0.7810363440086362 0.02066115702479339 0.006836991723641598
3 0.7038567493112947 0.7729399064411658 0.020202020202020204 0.006477150053976251
3 0.7036271808999082 0.7648434688736956 0.019742883379247015 0.0053976250449802084
3 0.7033976124885216 0.7572867938107233 0.01928374655647383 0.0061173083843109035
3 0.7045454545454546 0.7484706729039223 0.018824609733700644 0.0057574667146455556
3 0.7043158861340679 0.7331774019431451 0.020202020202020204 0.006836991723641598
3 0.7056932966023876 0.7173443684778698 0.01928374655647383 0.006836991723641598
3 0.7052341597796143 0.7096077725800648 0.018365472910927456 0.006477150053976251
3 0.7056932966023876 0.7025908600215905 0.01928374655647383 0.0053976250449802084
3 0.7056932966023876 0.6959337891327816 0.01928374655647383 0.005037783375314861
3 0.7056932966023876 0.6883771140698093 0.02203856749311295 0.006477150053976251
3 0.7047750229568411 0.681360201511335 0.020202020202020204 0.0061173083843109035
3 0.7063820018365473 0.6738035264483627 0.01790633608815427 0.0061173083843109035
3 0.7325528007346189 0.6246851385390428 0.02066115702479339 0.006477150053976251
3 0.7339302112029384 0.6387189636559913 0.02066115702479339 0.0057574667146455556
3 0.7341597796143251 0.645555955379633 0.020202020202020204 0.0057574667146455556
3 0.7293388429752066 0.741453760345448 0.022497704315886134 0.006836991723641598
3 0.790633608815427 0.5869017632241813 0.021120293847566574 0.006477150053976251
3 0.79178145087236 0.5723281756027347 0.02066115702479339 0.0061173083843109035
3 0.8145087235996327 0.5561353004677941 0.025711662075298437 0.008276358402302987
3 0.7286501377410468 0.8049658150413818 0.020202020202020204 0.0057574667146455556
3 0.727961432506887 0.7981288233177402 0.02066115702479339 0.006477150053976251
3 0.7277318640955005 0.7893127024109392 0.01928374655647383 0.006836991723641598
3 0.72910927456382 0.7740194314501619 0.02203856749311295 0.006477150053976251
3 0.7304866850321395 0.7657430730478589 0.01928374655647383 0.006477150053976251
3 0.7297979797979798 0.749730118747751 0.022497704315886134 0.006836991723641598
3 0.7304866850321395 0.7335372436128104 0.02203856749311295 0.006836991723641598
3 0.7337006427915519 0.6529327096077726 0.021120293847566574 0.006836991723641598
3 0.7307162534435262 0.7250809643756747 0.019742883379247015 0.0057574667146455556
3 0.7318640955004592 0.717704210147535 0.020202020202020204 0.0061173083843109035
3 0.7300275482093664 0.7101475350845627 0.020202020202020204 0.0053976250449802084
3 0.7309458218549127 0.7029507016912558 0.018365472910927456 0.0053976250449802084
3 0.7304866850321395 0.68909679740914 0.020202020202020204 0.0057574667146455556
3 0.7318640955004592 0.6817200431810003 0.01652892561983471 0.0061173083843109035
3 0.7325528007346189 0.6747031306225261 0.022497704315886134 0.006477150053976251
3 0.731404958677686 0.6675062972292192 0.021120293847566574 0.006477150053976251
3 0.7316345270890725 0.6599496221662469 0.02066115702479339 0.0057574667146455556
4 0.33287419651056016 0.21446563512054695 0.07346189164370982 0.14825476790212305
