3 0.813875088715401 0.4590443686006826 0.020227111426543647 0.028766455387615797
4 0.40010645848119236 0.977571916138469 0.024485450674237047 0.04388103364212579
4 0.7927608232789212 0.7328132618235007 0.0482611781405252 0.11701608971233544
4 0.8369410929737402 0.7508532423208191 0.04151880766501065 0.10921501706484642
4 0.5865862313697658 0.08532423208191127 0.0262597586941093 0.05460750853242321
4 0.5908445706174592 0.16406630911750367 0.029098651525904896 0.040468064358849344
4 0.579666430092264 0.1477328132618235 0.028743789921930447 0.039980497318381276
7 0.6969481902058198 0.9831789371038517 0.029098651525904896 0.03364212579229644
11 0.5051454932576295 0.45733788395904434 0.021646557842441447 0.05948317893710385
9 0.45120652945351314 0.43393466601657726 0.029453513129879347 0.04973183812774257
4 0.3791696238466998 0.9690394929302779 0.020227111426543647 0.04339346660165773
4 0.434528034066714 0.985616772306192 0.021646557842441447 0.028766455387615797
4 0.8220369056068133 0.9078498293515358 0.04293825408090845 0.10726474890297416
4 0.4652235628105039 0.923695758166748 0.0205819730305181 0.023890784982935155
4 0.4501419446415898 0.8776206728425159 0.025904897090134847 0.04583130180399805
4 0.4151880766501065 0.8627498781082399 0.0234208658623137 0.0424183325207216
4 0.38857345635202273 0.8495855680156021 0.029098651525904896 0.046318868844466114
4 0.36728176011355573 0.8398342272062409 0.0241305890702626 0.04436860068259386
4 0.3420865862313698 0.8281326182350073 0.021291696238467 0.04339346660165773
4 0.3124556422995032 0.8156996587030717 0.020227111426543647 0.04388103364212579
4 0.2902767920511001 0.8052169673330083 0.0205819730305181 0.04339346660165773
4 0.26792051100070974 0.7964407606045831 0.0198722498225692 0.04339346660165773
4 0.7650816181689141 0.8829839102876645 0.06103619588360539 0.11409068746952707
4 0.7210787792760823 0.7798634812286689 0.08658623136976579 0.2637737688932228
4 0.2095457771469127 0.7701121404193076 0.020227111426543647 0.04144319843978547
3 0.02927608232789212 0.09117503656752804 0.01029098651525905 0.009751340809361287
3 0.25479063165365506 0.09434422233057045 0.0134847409510291 0.016089712335446125
3 0.30056777856635913 0.07313505607020965 0.0120652945351313 0.01657727937591419
3 0.3252306600425834 0.01901511457825451 0.01242015613910575 0.012676743052169674
3 0.04382540809084457 0.11116528522671867 0.00532292405961675 0.012676743052169674
3 0.0248403122782115 0.10604583130180399 0.0127750177430802 0.010238907849829351
3 0.033711852377572744 0.1075085324232082 0.0063875088715401 0.013164310092637738
3 0.033179559971611074 0.010482691370063383 0.014549325762952448 0.01121404193076548
3 0.016855926188786372 0.01340809361287177 0.01596877217885025 0.01218917601170161
3 0.013839602555003548 0.0560702096538274 0.0099361249112846 0.008776206728425159
3 0.026792051100070973 0.08142369575816674 0.013839602555003548 0.011701608971233545
4 0.8199077359829666 0.47927840078010725 0.07061745919091554 0.09751340809361288
3 0.029808374733853796 0.07606045831301804 0.0127750177430802 0.009751340809361287
3 0.02785663591199432 0.062408581179912236 0.01596877217885025 0.013651877133105802
3 0.029630943931866573 0.05192588980984886 0.01312987934705465 0.010238907849829351
3 0.030163236337828248 0.042662116040955635 0.014904187366926898 0.01121404193076548
3 0.0319375443577005 0.030716723549488054 0.016323633782824698 0.013651877133105802
3 0.06618168914123491 0.01218917601170161 0.00958126330731015 0.008776206728425159
3 0.06724627395315827 0.006825938566552901 0.01029098651525905 0.008776206728425159
3 0.030518097941802696 0.019502681618722574 0.014904187366926898 0.011701608971233545
4 0.7826472675656494 0.5514383227693808 0.08197303051809794 0.11506582155046319
4 0.23598296664300922 0.7810823988298391 0.030518097941802696 0.04680643588493418
4 0.1603974449964514 0.62091662603608 0.030518097941802696 0.02681618722574354
3 0.834457061745919 0.4841540711847879 0.022356281050390347 0.03315455875182838
4 0.14229950319375442 0.4592881521209166 0.029808374733853796 0.02340321794246709
4 0.15028388928317957 0.8044856167723062 0.050745209368346346 0.06825938566552901
4 0.11160397444996452 0.7379327157484155 0.03442157558552165 0.040468064358849344
4 0.10450674237047551 0.7098976109215017 0.028743789921930447 0.02340321794246709
4 0.10095812633073102 0.682350073135056 0.029453513129879347 0.020965382740126767
4 0.10131298793470546 0.6533398342272062 0.028034066713981547 0.02437835202340322
4 0.11053938963804116 0.5945880058508045 0.03158268275372605 0.03169185763042418
4 0.11834634492547906 0.5621647976596782 0.028743789921930447 0.025353486104339348
4 0.12473385379701916 0.5316918576304241 0.03300212916962385 0.03461725987323257
4 0.13325053229240597 0.49951243295953196 0.03300212916962385 0.040468064358849344
4 0.16075230660042583 0.3773768893222818 0.030518097941802696 0.027303754266211604
4 0.22196593328601846 0.8529985372988786 0.025195173882185947 0.046318868844466114
4 0.16873669268985095 0.3464163822525597 0.029453513129879347 0.025841053144807412
4 0.18115684882895672 0.29644076060458313 0.030872959545777148 0.03607996099463676
4 0.18789921930447126 0.26401755241345687 0.03726046841731725 0.0424183325207216
4 0.19428672817601136 0.23354461238420282 0.03300212916962385 0.03022915650901999
4 0.20067423704755147 0.20550950755728914 0.03158268275372605 0.02681618722574354
4 0.21132008516678497 0.16284739151633348 0.032292405961674944 0.028278888347147733
4 0.2207239176721079 0.13505607020965382 0.0319375443577005 0.03803022915650902
4 0.24822569198012776 0.08288639687957094 0.030872959545777148 0.035104826913700635
4 0.26029098651525906 0.05485129205265724 0.030163236337828248 0.03364212579229644
4 0.1923349893541519 0.8393466601657728 0.0255500354861604 0.04339346660165773
4 0.24538679914833214 0.8642125792296441 0.020227111426543647 0.04436860068259386
4 0.1669623846699787 0.5926377376889322 0.03158268275372605 0.03266699171136031
4 0.2544357700496806 0.22452462213554364 0.0319375443577005 0.02681618722574354
4 0.17849538679914834 0.5463188688444661 0.030518097941802696 0.028766455387615797
4 0.18506032647267565 0.5187713310580204 0.032292405961674944 0.03217942467089225
4 0.1939318665720369 0.47684056557776694 0.03300212916962385 0.031204290589956118
4 0.20280340667139815 0.43954168698196 0.03158268275372605 0.035592393954168695
4 0.21433640880056778 0.39346660165772795 0.032647267565649396 0.034129692832764506
4 0.2201916252661462 0.36860068259385664 0.03158268275372605 0.02925402242808386
4 0.2294180269694819 0.3266699171136031 0.032292405961674944 0.028278888347147733
4 0.2370475514549326 0.295465626523647 0.0319375443577005 0.031204290589956118
4 0.24343506032647266 0.2671867381764993 0.0319375443577005 0.028278888347147733
4 0.26100070972320794 0.1962457337883959 0.035131298793470545 0.04144319843978547
4 0.27111426543647976 0.8737201365187713 0.016323633782824698 0.03900536323744515
4 0.2735982966643009 0.14943929790346172 0.0205819730305181 0.04729400292540224
4 0.3076650106458481 0.0772793759141882 0.029808374733853796 0.04144319843978547
4 0.3202625975869411 0.05485129205265724 0.03300212916962385 0.0424183325207216
4 0.12278211497515969 0.7674305216967333 0.028388928317955996 0.031204290589956118
4 0.15383250532292406 0.4210141394441736 0.025195173882185947 0.022915650901999023
4 0.33055358410220015 0.025109702584105314 0.030872959545777148 0.02779132130667967
4 0.34368346344925477 0.9078498293515358 0.025195173882185947 0.04290589956118966
4 0.3195528743789922 0.8954168698196002 0.025195173882185947 0.04339346660165773
4 0.29879347054648686 0.8866406630911751 0.0234208658623137 0.04436860068259386
3 0.2157558552164656 0.17406143344709898 0.0220014194464159 0.010726474890297415
3 0.2521291696238467 0.204534373476353 0.01738821859474805 0.015114578254509995
3 0.21202980837473384 0.19965870307167236 0.01242015613910575 0.010238907849829351
3 0.7702271114265437 0.9122379327157484 0.01738821859474805 0.01657727937591419
3 0.8252306600425834 0.8781082398829839 0.01667849538679915 0.01462701121404193
3 0.8246983676366217 0.8895660653339834 0.017743080198722498 0.015114578254509995
3 0.8218594748048261 0.9002925402242808 0.017743080198722498 0.015114578254509995
3 0.8191980127750177 0.9102876645538761 0.01809794180269695 0.015602145294978059
3 0.8163591199432222 0.9229644076060458 0.01738821859474805 0.013651877133105802
3 0.8115684882895671 0.9429546562652364 0.017743080198722498 0.015602145294978059
3 0.8092618878637331 0.9541686981960019 0.01809794180269695 0.015602145294978059
3 0.7656139105748758 0.9344222330570453 0.01667849538679915 0.014139444173573866
3 0.7682753726046841 0.923939541686982 0.0198722498225692 0.01657727937591419
3 0.7730660042583393 0.901511457825451 0.01809794180269695 0.015602145294978059
3 0.8245209368346345 0.7932715748415408 0.013839602555003548 0.012676743052169674
3 0.774485450674237 0.8907849829351536 0.01667849538679915 0.01462701121404193
3 0.778388928317956 0.879327157484154 0.01667849538679915 0.014139444173573866
3 0.7803406671398154 0.8693320331545588 0.017033356990773598 0.01462701121404193
3 0.7842441447835344 0.8588493417844953 0.018452803406671398 0.016089712335446125
3 0.7858410220014195 0.8473915163334959 0.018807665010645847 0.01657727937591419
3 0.7790986515259049 0.8298391028766455 0.03300212916962385 0.02340321794246709
3 0.7631298793470547 0.8376401755241346 0.01738821859474805 0.01657727937591419
3 0.7622427253371186 0.8498293515358362 0.0191625266146203 0.017552413456850317
3 0.7569198012775018 0.871038517796197 0.018452803406671398 0.017064846416382253
3 0.8305535841022001 0.8671379814724525 0.01809794180269695 0.016089712335446125
3 0.8286018452803406 0.7847391516333496 0.015613910574875798 0.014139444173573866
3 0.23420865862313697 0.2666991711360312 0.0120652945351313 0.010726474890297415
3 0.7975514549325763 0.7077035592393954 0.021646557842441447 0.01901511457825451
3 0.7709368346344926 0.6040955631399317 0.024485450674237047 0.019502681618722574
3 0.752306600425834 0.529985372988786 0.0106458481192335 0.01462701121404193
3 0.7709368346344926 0.515358361774744 0.01100070972320795 0.01462701121404193
3 0.7649041873669269 0.499756216479766 0.014549325762952448 0.020477815699658702
9 0.12154009936124911 0.9519746465138956 0.021646557842441447 0.029741589468551925
3 0.7828246983676366 0.7659678205753291 0.0205819730305181 0.018527547537786446
3 0.7856635911994322 0.7540224280838616 0.0198722498225692 0.017064846416382253
3 0.7899219304471257 0.7430521696733301 0.0191625266146203 0.017552413456850317
3 0.7915188076650106 0.7306192101413944 0.020227111426543647 0.01803998049731838
3 0.7993257629524485 0.6947830326669917 0.01738821859474805 0.017552413456850317
3 0.829666430092264 0.7732813261823501 0.0134847409510291 0.011701608971233545
3 0.8042938254080908 0.6835689907362262 0.020936834634492547 0.019502681618722574
3 0.847764371894961 0.7033154558751828 0.0106458481192335 0.009263773768893223
3 0.8447480482611781 0.7133105802047781 0.01312987934705465 0.012676743052169674
3 0.8427963094393187 0.7218430034129693 0.0127750177430802 0.01218917601170161
3 0.8062455642299503 0.7403705509507558 0.008516678495386799 0.01803998049731838
3 0.8678140525195174 0.7532910775231594 0.007452093683463449 0.01657727937591419
3 0.8371185237757275 0.7442710872745002 0.015613910574875798 0.014139444173573866
3 0.8342796309439319 0.7523159434422233 0.0134847409510291 0.012676743052169674
3 0.8321504613200852 0.7635299853729888 0.015613910574875798 0.013651877133105802
3 0.7542583392476934 0.8822525597269625 0.01738821859474805 0.016089712335446125
3 0.7517743080198722 0.8924914675767918 0.01809794180269695 0.017064846416382253
3 0.7489354151880766 0.9029741589468552 0.01596877217885025 0.01462701121404193
3 0.1554293825408091 0.6148220380302292 0.014194464158977998 0.012676743052169674
3 0.28442157558552167 0.8147245246221355 0.00674237047551455 0.01657727937591419
3 0.26153300212916963 0.8064358849341785 0.007097232079488999 0.02242808386153096
3 0.27324343506032645 0.8666504144319844 0.007097232079488999 0.015114578254509995
3 0.19180269694819022 0.8291077523159435 0.00674237047551455 0.013164310092637738
3 0.20422285308729596 0.8352023403217943 0.00674237047551455 0.01462701121404193
3 0.2379347054648687 0.7930277913213066 0.008871540099361249 0.01901511457825451
3 0.21557842441447836 0.7796196977084349 0.007452093683463449 0.017552413456850317
3 0.10911994322214337 0.6899073622623111 0.01667849538679915 0.01462701121404193
3 0.10911994322214337 0.6491955143832276 0.013839602555003548 0.007313505607020965
3 0.1605748757984386 0.5923939541686982 0.01171043293115685 0.010726474890297415
3 0.7469836763662172 0.9144319843978547 0.017743080198722498 0.016089712335446125
3 0.12224982256919802 0.5772793759141882 0.014549325762952448 0.012676743052169674
3 0.12579843860894252 0.5648464163822525 0.015259048970901348 0.013164310092637738
3 0.1328956706884315 0.5316918576304241 0.01171043293115685 0.010238907849829351
3 0.14194464158977999 0.49146757679180886 0.0113555713271824 0.009751340809361287
3 0.14247693399574166 0.5009751340809361 0.01809794180269695 0.014139444173573866
3 0.14584811923349894 0.4709897610921502 0.0191625266146203 0.015602145294978059
3 0.20652945351312987 0.3900536323744515 0.0120652945351313 0.010726474890297415
3 0.16962384669978708 0.3771331058020478 0.0113555713271824 0.010238907849829351
3 0.19712562100780695 0.2710872745002438 0.01738821859474805 0.015602145294978059
3 0.3062455642299503 0.8242320819112628 0.007806955287437899 0.01901511457825451
3 0.3216820440028389 0.8846903949293028 0.008871540099361249 0.01901511457825451
3 0.36089425124201563 0.8493417844953681 0.007806955287437899 0.017552413456850317
3 0.40809084457061745 0.8717698683568991 0.008516678495386799 0.018527547537786446
3 0.7434350603264727 0.92442710872745 0.016323633782824698 0.013651877133105802
3 0.6957061745919092 0.9024865919063871 0.025904897090134847 0.020477815699658702
3 0.6973030518097941 0.8893222818137494 0.0227111426543648 0.018527547537786446
3 0.7012065294535131 0.8773768893222819 0.0262597586941093 0.020965382740126767
3 0.7022711142654364 0.863481228668942 0.0205819730305181 0.017552413456850317
3 0.7067068843151171 0.8522671867381765 0.023066004258339247 0.019502681618722574
3 0.7102555003548616 0.8393466601657728 0.020227111426543647 0.01803998049731838
3 0.7134492547906317 0.826182350073135 0.020227111426543647 0.01803998049731838
3 0.7155784244144784 0.8139931740614335 0.024485450674237047 0.019990248659190638
3 0.7173527324343506 0.8013164310092638 0.021646557842441447 0.01901511457825451
3 0.7256919801277502 0.7766942954656265 0.0205819730305181 0.017552413456850317
3 0.7301277501774308 0.7518283764017553 0.020227111426543647 0.017552413456850317
3 0.7359829666430092 0.7250121891760117 0.0220014194464159 0.018527547537786446
3 0.7381121362668559 0.7128230131643101 0.018452803406671398 0.015602145294978059
3 0.7420156139105749 0.7003900536323745 0.0234208658623137 0.019990248659190638
3 0.7457416607523066 0.6886884446611409 0.022356281050390347 0.019990248659190638
3 0.40809084457061745 0.9705021940516821 0.009226401703335699 0.019990248659190638
3 0.4020581973030518 0.9678205753291077 0.007806955287437899 0.018527547537786446
3 0.4151880766501065 0.8737201365187713 0.008516678495386799 0.02145294978059483
4 0.2771469127040454 0.014139444173573866 0.03761533002129169 0.027303754266211604
