4 0.1518243661100804 0.11873554356206631 0.02350030921459493 0.03238242097147263
4 0.6686765615337044 0.867964533538936 0.021335807050092765 0.025057825751734774
4 0.06199752628324057 0.8174633770239013 0.010822510822510822 0.014263685427910563
4 0.061224489795918366 0.8400154202004626 0.011131725417439703 0.009252120277563608
4 0.06818181818181818 0.874325366229761 0.018243661100803957 0.01927525057825752
4 0.1284786641929499 0.9067077872012336 0.016388373531230675 0.018504240555127217
4 0.6689857761286333 0.9404394757131843 0.026901669758812616 0.018889745566692366
4 0.6079158936301794 0.9040092521202776 0.017316017316017316 0.026214340786430222
4 0.6297155225726654 0.8914803392444102 0.021335807050092765 0.028141865844255976
4 0.6512059369202227 0.8803006939090208 0.021645021645021644 0.026599845797995375
9 0.1406926406926407 0.7831534309946029 0.00927643784786642 0.015034695451040863
4 0.6932591218305504 0.8529298380878951 0.01855287569573284 0.027370855821125674
4 0.716295609152752 0.8369313801079414 0.018243661100803957 0.026214340786430222
4 0.7589672232529375 0.8114880493446415 0.01948051948051948 0.026214340786430222
4 0.7781385281385281 0.8001156515034695 0.021335807050092765 0.028141865844255976
4 0.8031849103277675 0.7860447185813415 0.01886209029066172 0.026214340786430222
4 0.8469387755102041 0.8047417116422514 0.02411873840445269 0.030454895913646876
4 0.8259121830550402 0.7652274479568234 0.01855287569573284 0.02235929067077872
4 0.061224489795918366 0.7708172706245181 0.013605442176870748 0.012721665381649962
4 0.05844155844155844 0.735929067077872 0.011131725417439703 0.016191210485736313
4 0.8940940012368583 0.7249421742482652 0.020717377860235003 0.025828835774865073
4 0.0670995670995671 0.41229760986892827 0.010513296227581941 0.015805705474171164
4 0.07544836116264687 0.1366615265998458 0.013605442176870748 0.020431765612952967
4 0.07374768089053803 0.2095219737856592 0.012059369202226345 0.015805705474171164
4 0.07251082251082251 0.2446029298380879 0.012059369202226345 0.014263685427910563
4 0.07081014223871367 0.28141865844255975 0.012368583797155226 0.020046260601387818
4 0.06818181818181818 0.3145720894371627 0.012059369202226345 0.01927525057825752
4 0.06617192331478046 0.3479182729375482 0.011750154607297465 0.018889745566692366
4 0.06601731601731602 0.3880107941403238 0.013914656771799629 0.015805705474171164
4 0.06648113790970933 0.4408249807247494 0.011750154607297465 0.015034695451040863
4 0.05844155844155844 0.7010408635312259 0.012987012987012988 0.02197378565921357
4 0.06586270871985157 0.47937548188126444 0.013605442176870748 0.012721665381649962
4 0.06338899196042053 0.5129144178874325 0.01422387136672851 0.008095605242868157
4 0.06369820655534941 0.5429838087895142 0.011750154607297465 0.01040863531225906
4 0.06277056277056277 0.5697764070932922 0.011131725417439703 0.01079414032382421
4 0.061533704390847245 0.6073631457208943 0.011131725417439703 0.015805705474171164
4 0.05983302411873841 0.6382035466461063 0.010822510822510822 0.018118735543562067
4 0.059678416821273964 0.6690439475713185 0.011131725417439703 0.018118735543562067
4 0.8484848484848485 0.723207401696222 0.017934446505875078 0.01927525057825752
4 0.8605442176870748 0.700077101002313 0.017934446505875078 0.020046260601387818
4 0.1774891774891775 0.1412875867386276 0.02350030921459493 0.03122590593677718
4 0.36935683364254795 0.29047802621434077 0.020717377860235003 0.028141865844255976
4 0.5378787878787878 0.3864687740940632 0.02257266542980829 0.029683885890516577
4 0.5100494743351887 0.3749036237471087 0.020717377860235003 0.026599845797995375
4 0.4846938775510204 0.3600616808018504 0.018243661100803957 0.026214340786430222
4 0.46304885590599876 0.3483037779491133 0.013914656771799629 0.02428681572860447
4 0.43846629560915273 0.33404009252120276 0.019789734075448363 0.027370855821125674
4 0.41542980828695114 0.3207401696222051 0.018243661100803957 0.025443330763299923
4 0.3877551020408163 0.3028141865844256 0.019789734075448363 0.026599845797995375
4 0.34183673469387754 0.27409406322282187 0.023809523809523808 0.03315343099460293
4 0.5871985157699443 0.412875867386276 0.0191713048855906 0.028527370855821126
4 0.31880024737167595 0.25520431765612955 0.016697588126159554 0.025443330763299923
9 0.2603586889301175 0.243639167309175 0.012987012987012988 0.01927525057825752
4 0.29607297464440324 0.23708558211256747 0.01948051948051948 0.026985350809560524
4 0.26855287569573283 0.21858134155744025 0.02504638218923933 0.03161141094834233
4 0.24829931972789115 0.20084811102544334 0.021026592455163882 0.029298380878951428
4 0.22850958565244278 0.18619892058596763 0.021645021645021644 0.03084040092521203
4 0.2093382807668522 0.16942945258288358 0.025974025974025976 0.034309946029298384
4 0.5616883116883117 0.39938319198149574 0.020717377860235003 0.027756360832690823
4 0.6207482993197279 0.42868157286044717 0.01886209029066172 0.026214340786430222
4 0.8744588744588745 0.674633770239013 0.019789734075448363 0.025443330763299923
4 0.858843537414966 0.4974942174248265 0.01886209029066172 0.026599845797995375
4 0.9012059369202227 0.6522744795682344 0.017625231910946195 0.025443330763299923
4 0.9570191713048856 0.6698149575944488 0.01422387136672851 0.018889745566692366
4 0.9233147804576376 0.6318427139552815 0.014842300556586271 0.015420200462606014
4 0.9850030921459493 0.6530454895913647 0.012677798392084107 0.018504240555127217
4 0.9407854050711194 0.6056283731688512 0.02009894867037724 0.023901310717039322
4 0.9092455163883735 0.5090593677717811 0.021335807050092765 0.029683885890516577
4 0.8843537414965986 0.5011565150346955 0.016079158936301793 0.02467232074016962
4 0.8317872603586889 0.4982652274479568 0.017316017316017316 0.02120277563608327
4 0.6391465677179963 0.43677717810331534 0.021026592455163882 0.030069390902081727
4 0.8110698824984539 0.4961449498843485 0.014842300556586271 0.02467232074016962
4 0.7881880024737168 0.49479568234387045 0.01855287569573284 0.025057825751734774
4 0.7666975881261595 0.4897841171935235 0.018243661100803957 0.027370855821125674
4 0.7345392702535559 0.4772552043176561 0.016388373531230675 0.023901310717039322
4 0.7135126777983921 0.4689668465690054 0.017006802721088437 0.025057825751734774
4 0.685374149659864 0.4574016962220509 0.01886209029066172 0.030454895913646876
4 0.6635745207173779 0.4491133384734002 0.01855287569573284 0.027756360832690823
4 0.0391156462585034 0.050693909020817274 0.01948051948051948 0.027370855821125674
