2 0.8883108935128519 0.28784581908610507 0.031211750305997554 0.006838669567920423
4 0.8277233782129743 0.8036990985390114 0.03733170134638923 0.030152315822194593
4 0.6591187270501836 0.5702517873795462 0.044063647490820076 0.0419645632576935
4 0.677172582619339 0.6395710289089214 0.038555691554467565 0.028287224121852656
4 0.6894124847001224 0.70578178427106 0.0397796817625459 0.03263910475598383
4 0.6976744186046512 0.7727696611750078 0.03182374541003672 0.027976375505129002
4 0.7071603427172583 0.8416226297792975 0.038555691554467565 0.027665526888405345
4 0.7172582619339045 0.9090767796083308 0.033047735618115054 0.027665526888405345
4 0.8445532435740514 0.9387628225054399 0.04039167686658507 0.027976375505129002
4 0.8356793145654835 0.871774945601492 0.0397796817625459 0.027665526888405345
4 0.8160954712362302 0.7371774945601492 0.038555691554467565 0.02890892135529997
2 0.9458384332925337 0.3444202673298104 0.021419828641370868 0.006216972334473112
4 0.8059975520195839 0.6681691016474977 0.03427172582619339 0.030774013055641904
4 0.79406364749082 0.6072427727696612 0.031211750305997554 0.01834006838669568
4 0.7876376988984088 0.5458501709667392 0.042839657282741736 0.041032017407522534
3 0.42105263157894735 0.2119987566055331 0.07343941248470012 0.032949953372707494
3 0.3160954712362301 0.252719925396332 0.047123623011015914 0.021759403170655892
3 0.2331701346389229 0.23360273546782717 0.04039167686658507 0.01771837115324837
3 0.4146266829865361 0.16770282872241218 0.06670746634026928 0.027665526888405345
3 0.6780905752753978 0.14081442337581598 0.0416156670746634 0.019272614236866645
4 0.6456548347613219 0.5046627292508549 0.03427172582619339 0.028287224121852656
4 0.7760097919216646 0.46658377370220705 0.03427172582619339 0.02611128380478707
4 0.6373929008567931 0.43767485234690706 0.038555691554467565 0.028598072738576313
4 0.7659118727050184 0.39912962387317374 0.04100367197062423 0.027976375505129002
4 0.06915544675642595 0.3248368044762201 0.06242350061199511 0.034193347839602116
4 0.21848225214198286 0.30913894933167546 0.07466340269277846 0.036990985390115014
4 0.32864137086903306 0.26422132421510724 0.08812729498164015 0.041032017407522534
4 0.20226438188494492 0.23189306807584706 0.08873929008567931 0.03978862294062791
4 0.43880048959608325 0.22194591234069008 0.09179926560587515 0.040410320174075226
4 0.3219094247246022 0.18759714019272614 0.06119951040391677 0.02953061858874728
4 0.4167686658506732 0.15247124650295307 0.07343941248470012 0.03326080198943115
9 0.18604651162790697 0.12713708423997513 0.044063647490820076 0.023624494870997825
9 0.0474296205630355 0.24308361827789865 0.05569155446756426 0.02735467827168169
9 0.48255813953488375 0.10024867889337892 0.09118727050183599 0.036990985390115014
4 0.49571603427172584 0.11983214174696923 0.051407588739290085 0.026422132421510723
4 0.5367197062423501 0.11221635063723967 0.042839657282741736 0.020516008703761267
4 0.6839045287637698 0.12838047870686975 0.07649938800489596 0.03543674230649674
4 0.7417380660954712 0.19614547715262667 0.03916768665850673 0.028598072738576313
4 0.7454100367197063 0.2639104755983836 0.037943696450428395 0.030463164438918246
4 0.7561199510403916 0.33136462542741685 0.04100367197062423 0.0335716506061548
4 0.6257649938800489 0.3674230649673609 0.03733170134638923 0.034815045073049423
3 0.6655446756425949 0.5010879701585328 0.015299877600979192 0.019272614236866645
3 0.6857405140758874 0.5876593099160708 0.012851897184822521 0.013988187752564501
3 0.7717258261933905 0.6007149518184645 0.01835985312117503 0.021448554553932235
2 0.013157894736842105 0.38514143612060925 0.02386780905752754 0.010568852968604289
2 0.19063647490820074 0.393534348772148 0.02386780905752754 0.008703761268262356
2 0.22643818849449204 0.4019272614236867 0.025703794369645042 0.009947155735156978
2 0.25122399020807834 0.4064345663661797 0.021419828641370868 0.009014609884986011
2 0.32313341493268055 0.3904258626049114 0.023255813953488372 0.011812247435498913
2 0.031517747858017135 0.8638483058750388 0.018971848225214197 0.012433944668946224
2 0.049877600979192166 0.8542119987566056 0.020195838433292534 0.012433944668946224
2 0.011321909424724603 0.8695990052844265 0.020195838433292534 0.011501398818775257
2 0.036413708690330476 0.8130245570407212 0.017747858017135864 0.01274479328566988
2 0.025091799265605876 0.8156667702828723 0.01835985312117503 0.011812247435498913
2 0.013157894736842105 0.8190861050668324 0.018971848225214197 0.012433944668946224
2 0.3635250917992656 0.4421821572894001 0.025703794369645042 0.012123096052222568
2 0.39687882496940025 0.4233758159776189 0.016523867809057527 0.010568852968604289
2 0.38372093023255816 0.36276033571650607 0.025703794369645042 0.011190550202051602
2 0.5067319461444308 0.44342555175629467 0.019583843329253364 0.01336649051911719
2 0.5290697674418605 0.7329810382343799 0.029987760097919217 0.008082064034815045
2 0.5425336597307222 0.7622008082064035 0.02631578947368421 0.006216972334473112
2 0.9932680538555692 0.5450730494249301 0.011015911872705019 0.010879701585327946
2 0.14473684210526316 0.39337892446378614 0.01040391676866585 0.012123096052222568
2 0.014993880048959608 0.39850792663972645 0.025091799265605876 0.011812247435498913
3 0.7876376988984088 0.6765620142990364 0.01591187270501836 0.01896176562014299
2 0.41921664626682986 0.03776810693192415 0.022031823745410038 0.012123096052222568
3 0.8038555691554468 0.8075847062480572 0.020195838433292534 0.021759403170655892
3 0.7402080783353733 0.9096984768417781 0.022643818849449205 0.030152315822194593
3 0.1835985312117503 0.9121852657755672 0.02937576499388005 0.020826857320484924
3 0.14626682986536108 0.9201119055020205 0.03427172582619339 0.02548958657133976
3 0.12331701346389229 0.92772769661175 0.02386780905752754 0.017096673919801058
2 0.19736842105263158 0.07848927572272303 0.02386780905752754 0.011501398818775257
2 0.03702570379436965 0.1532483680447622 0.020195838433292534 0.010568852968604289
2 0.4394124847001224 0.040254895865713396 0.019583843329253364 0.01274479328566988
2 0.5382496940024479 0.030463164438918246 0.025091799265605876 0.010568852968604289
2 0.9935740514075887 0.527976375505129 0.011627906976744186 0.012123096052222568
2 0.988984088127295 0.6746969225986944 0.012239902080783354 0.012123096052222568
2 0.9424724602203183 0.7203916692570718 0.022031823745410038 0.010258004351880633
2 0.9614443084455324 0.7934410941871308 0.011015911872705019 0.011501398818775257
2 0.058445532435740515 0.14547715262667082 0.02386780905752754 0.011812247435498913
2 0.10281517747858017 0.07367112216350637 0.02692778457772338 0.011812247435498913
2 0.13953488372093023 0.049735778675784895 0.02447980416156671 0.011190550202051602
2 0.16370869033047736 0.041032017407522534 0.02876376988984088 0.013055641902393535
4 0.1003671970624235 0.2639104755983836 0.06731946144430845 0.034193347839602116
