3 0.13436293436293437 0.6994848311390955 0.018532818532818532 0.013737836290784202
3 0.2749034749034749 0.6496851745850029 0.020077220077220077 0.02289639381797367
3 0.35656370656370656 0.5363480251860332 0.010424710424710425 0.017172295363480253
3 0.3528957528957529 0.5068689181453921 0.009266409266409266 0.02575844304522038
3 0.28745173745173747 0.5801373783629078 0.018146718146718147 0.021179164281625643
3 0.29073359073359073 0.568689181453921 0.020077220077220077 0.02346880366342301
3 0.2816602316602317 0.6144819690898683 0.018146718146718147 0.021179164281625643
3 0.28474903474903474 0.5990269032627361 0.018146718146718147 0.02003434459072696
3 0.2747104247104247 0.6585575271894677 0.011969111969111969 0.014310246136233544
3 0.3646718146718147 0.5449341728677733 0.011969111969111969 0.018317115054378934
3 0.21814671814671815 0.7132226674298798 0.0069498069498069494 0.028620492272467088
3 0.21969111969111968 0.7415569547796222 0.010038610038610039 0.02919290211791643
3 0.2137065637065637 0.7484258729250143 0.00888030888030888 0.01659988551803091
3 0.20888030888030887 0.7507155123068117 0.005405405405405406 0.018889524899828276
3 0.20347490347490346 0.7570120206067544 0.007722007722007722 0.024613623354321695
3 0.2111969111969112 0.7249570692615913 0.008494208494208495 0.028048082427017746
3 0.3615830115830116 0.53921007441328 0.011969111969111969 0.019461934745277618
3 0.3805019305019305 0.5606754436176302 0.012741312741312742 0.024613623354321695
3 0.46042471042471045 0.3360045792787636 0.018146718146718147 0.019461934745277618
3 0.400965250965251 0.5497996565540927 0.014285714285714285 0.018889524899828276
3 0.39633204633204633 0.3302804808242702 0.006563706563706564 0.013737836290784202
3 0.3884169884169884 0.3631940469376073 0.007722007722007722 0.021179164281625643
3 0.4530888030888031 0.38294218660560964 0.013513513513513514 0.02289639381797367
3 0.42644787644787646 0.4204350314825415 0.012741312741312742 0.01659988551803091
3 0.42277992277992277 0.4241556954779622 0.010038610038610039 0.012593016599885518
3 0.42104247104247106 0.4301659988551803 0.011196911196911196 0.01316542644533486
3 0.4069498069498069 0.54779622209502 0.012355212355212355 0.01602747567258157
3 0.40714285714285714 0.5712650257584431 0.009652509652509652 0.013737836290784202
3 0.3972972972972973 0.5558099599313108 0.012355212355212355 0.017172295363480253
3 0.3947876447876448 0.5618202633085289 0.011969111969111969 0.01659988551803091
3 0.3907335907335907 0.5663995420721236 0.012355212355212355 0.01659988551803091
3 0.3878378378378378 0.572123640526617 0.011969111969111969 0.015455065827132226
3 0.38513513513513514 0.5775615340583858 0.011969111969111969 0.01602747567258157
3 0.39845559845559847 0.5870062965082999 0.013127413127413128 0.017744705208929592
3 0.20366795366795368 0.726960503720664 0.008108108108108109 0.021751574127074985
3 0.1972972972972973 0.7232398397252433 0.0069498069498069494 0.024613623354321695
3 0.19633204633204634 0.7538637664567831 0.007335907335907336 0.019461934745277618
3 0.09478764478764479 0.7850601030337722 0.01583011583011583 0.012020606754436176
3 0.12934362934362933 0.7624499141385231 0.010038610038610039 0.02633085289066972
3 0.12277992277992278 0.7644533485975958 0.009266409266409266 0.022323983972524327
3 0.11640926640926641 0.7630223239839725 0.009652509652509652 0.02289639381797367
3 0.10907335907335908 0.766170578133944 0.011969111969111969 0.02919290211791643
3 0.11428571428571428 0.7369776760160275 0.013127413127413128 0.026903262736119062
3 0.09594594594594595 0.7750429307384087 0.01583011583011583 0.01030337721808815
3 0.10849420849420849 0.7936462507155123 0.016216216216216217 0.012020606754436176
3 0.19054054054054054 0.7555809959931311 0.008108108108108109 0.021751574127074985
3 0.09150579150579151 0.7970807097882083 0.01776061776061776 0.010875787063537493
3 0.09227799227799227 0.8088151116199198 0.02471042471042471 0.014882655981682884
3 0.0888030888030888 0.8194046937607327 0.021621621621621623 0.01316542644533486
3 0.10444015444015443 0.8282770463651975 0.022007722007722007 0.01602747567258157
3 0.08281853281853283 0.8340011448196909 0.019691119691119693 0.014882655981682884
3 0.07528957528957529 0.8568975386376646 0.010810810810810811 0.02633085289066972
3 0.13552123552123552 0.7604464796794504 0.007722007722007722 0.02003434459072696
3 0.14131274131274132 0.7607326846021751 0.007722007722007722 0.021751574127074985
3 0.12895752895752896 0.7366914710933028 0.0069498069498069494 0.0206067544361763
3 0.13494208494208496 0.7366914710933028 0.005791505791505791 0.0206067544361763
3 0.12972972972972974 0.7117916428162564 0.01698841698841699 0.01316542644533486
3 0.1411196911196911 0.7352604464796795 0.005019305019305019 0.02003434459072696
3 0.1471042471042471 0.733829421866056 0.006177606177606178 0.021751574127074985
3 0.15366795366795366 0.7341156267887807 0.007722007722007722 0.02003434459072696
3 0.15965250965250966 0.7332570120206068 0.007335907335907336 0.02289639381797367
3 0.16583011583011584 0.73039496279336 0.007335907335907336 0.027475672581568404
3 0.1718146718146718 0.732112192329708 0.006177606177606178 0.019461934745277618
3 0.1476833976833977 0.7604464796794504 0.008108108108108109 0.021179164281625643
3 0.15444015444015444 0.7581568402976531 0.008494208494208495 0.018889524899828276
3 0.16718146718146717 0.7581568402976531 0.008494208494208495 0.02346880366342301
3 0.17297297297297298 0.7564396107613051 0.009266409266409266 0.022323983972524327
3 0.17934362934362935 0.7578706353749285 0.008108108108108109 0.021751574127074985
3 0.18571428571428572 0.7581568402976531 0.007722007722007722 0.021179164281625643
3 0.4034749034749035 0.3308528906697195 0.006177606177606178 0.018317115054378934
3 0.41621621621621624 0.3337149398969662 0.006177606177606178 0.014882655981682884
3 0.077992277992278 0.9041213508872352 0.007722007722007722 0.021179164281625643
4 0.5791505791505791 0.35317687464224384 0.040926640926640924 0.05609616485403549
4 0.6747104247104247 0.4559244419004007 0.021235521235521235 0.028048082427017746
4 0.651930501930502 0.4373211219232971 0.01891891891891892 0.025186033199771037
4 0.6461389961389962 0.4253005151688609 0.01583011583011583 0.02289639381797367
4 0.6291505791505791 0.4055523755008586 0.032818532818532815 0.04979965655409273
4 0.5806949806949807 0.46107613050944474 0.020077220077220077 0.02919290211791643
4 0.5511583011583011 0.42186605609616484 0.04285714285714286 0.059530623926731537
4 0.5142857142857142 0.38465941614195764 0.044015444015444015 0.057240984544934176
4 0.8696911196911197 0.7132226674298798 0.025096525096525095 0.04235832856325129
4 0.3586872586872587 0.32054951345163135 0.03474903474903475 0.03663423010875787
9 0.6320463320463321 0.8179736691471093 0.018532818532818532 0.02633085289066972
9 0.7044401544401544 0.9041213508872352 0.018146718146718147 0.02575844304522038
9 0.7803088803088803 0.9813966800228964 0.019305019305019305 0.02575844304522038
4 0.21814671814671815 0.15283342873497424 0.030115830115830116 0.06639954207212365
4 0.16525096525096525 0.13194046937607326 0.08185328185328185 0.10131654264453349
4 0.6963320463320464 0.48654836863194045 0.052123552123552123 0.0767029192902118
4 0.8482625482625482 0.6854607899255867 0.020077220077220077 0.031482541499713794
3 0.3971042471042471 0.3657698912421294 0.008108108108108109 0.024041213508872353
4 0.938996138996139 0.5666857469948483 0.10115830115830116 0.14424728105323412
4 0.24594594594594596 0.4647967945048655 0.07181467181467181 0.0824270177447052
4 0.31216216216216214 0.45105895821408126 0.02277992277992278 0.09845449341728678
4 0.2803088803088803 0.6316542644533486 0.06718146718146718 0.23411562678878076
4 0.17200772200772202 0.7449914138523183 0.10772200772200773 0.061247853463079566
4 0.09150579150579151 0.8116771608471666 0.047104247104247106 0.09387521465369204
4 0.12027027027027028 0.8571837435603893 0.08146718146718147 0.09902690326273612
4 0.9828185328185328 0.7012020606754437 0.0305019305019305 0.12707498568975387
4 0.8185328185328186 0.6757298225529479 0.03088803088803089 0.045220377790498
4 0.9602316602316602 0.42072123640526615 0.04942084942084942 0.035489410417859184
4 0.7818532818532818 0.6290784201488265 0.02857142857142857 0.04350314825414997
4 0.7171814671814671 0.5309101316542645 0.03745173745173745 0.05552375500858615
4 0.7401544401544402 0.5695477962220951 0.03783783783783784 0.057240984544934176
4 0.7555984555984556 0.6064682312535775 0.03783783783783784 0.05666857469948483
4 0.7944015444015444 0.659988551803091 0.006563706563706564 0.03434459072696051
3 0.15019305019305018 0.1345163136805953 0.019305019305019305 0.04579278763594734
3 0.07509652509652509 0.2032054951345163 0.008108108108108109 0.021751574127074985
3 0.0806949806949807 0.21236405266170577 0.011583011583011582 0.028620492272467088
3 0.466023166023166 0.24585002862049227 0.009266409266409266 0.02346880366342301
3 0.2542471042471042 0.17658843732112192 0.012741312741312742 0.034917000572409845
3 0.2638996138996139 0.17744705208929593 0.009652509652509652 0.025186033199771037
3 0.27239382239382237 0.1846021751574127 0.013513513513513514 0.03720663995420721
3 0.28494208494208495 0.18402976531196336 0.007722007722007722 0.024613623354321695
3 0.2936293436293436 0.19232970807097882 0.012741312741312742 0.04006868918145392
3 0.3048262548262548 0.1994848311390956 0.015057915057915058 0.04636519748139668
3 0.48436293436293437 0.2524327418431597 0.013513513513513514 0.03205495134516314
3 0.09362934362934362 0.2326846021751574 0.011969111969111969 0.031482541499713794
3 0.4922779922779923 0.25615340583858043 0.013127413127413128 0.03262736119061248
3 0.4998069498069498 0.26073268460217514 0.013513513513513514 0.031482541499713794
3 0.518918918918919 0.27933600457927876 0.009266409266409266 0.0206067544361763
3 0.523938223938224 0.28620492272467085 0.009266409266409266 0.0206067544361763
3 0.5291505791505792 0.29507727532913564 0.00888030888030888 0.017744705208929592
3 0.5102316602316602 0.3623354321694333 0.01891891891891892 0.025186033199771037
3 0.1833976833976834 0.15655409273039497 0.010038610038610039 0.022323983972524327
3 0.1916988416988417 0.1542644533485976 0.012741312741312742 0.03262736119061248
3 0.22992277992277993 0.1534058385804236 0.007335907335907336 0.019461934745277618
3 0.21583011583011583 0.14281625643961077 0.008494208494208495 0.021179164281625643
3 0.211003861003861 0.16657126502575845 0.00888030888030888 0.025186033199771037
3 0.1247104247104247 0.14081282198053807 0.008494208494208495 0.0206067544361763
3 0.1361003861003861 0.11820263308528907 0.009652509652509652 0.024613623354321695
3 0.13146718146718148 0.14281625643961077 0.009652509652509652 0.024613623354321695
3 0.13764478764478766 0.1531196336576989 0.011196911196911196 0.017744705208929592
3 0.14208494208494207 0.12678878076702918 0.013899613899613899 0.03949627933600458
3 0.16833976833976835 0.13108185460789926 0.010038610038610039 0.02633085289066972
3 0.1613899613899614 0.12707498568975387 0.009266409266409266 0.02289639381797367
3 0.1557915057915058 0.1493989696622782 0.012741312741312742 0.028620492272467088
3 0.12413127413127413 0.24212936462507156 0.011969111969111969 0.03319977103606182
3 0.11081081081081082 0.22581568402976532 0.010038610038610039 0.02919290211791643
3 0.10444015444015443 0.21236405266170577 0.007335907335907336 0.017172295363480253
3 0.10077220077220077 0.23898111047510018 0.012355212355212355 0.03720663995420721
3 0.07162162162162163 0.8775042930738409 0.009652509652509652 0.025186033199771037
3 0.08938223938223938 0.9101316542644533 0.014285714285714285 0.018317115054378934
3 0.14864864864864866 0.6931883228391529 0.013127413127413128 0.008013737836290785
3 0.9393822393822394 0.7398397252432742 0.005405405405405406 0.021179164281625643
3 0.817953667953668 0.6840297653119634 0.015057915057915058 0.025186033199771037
3 0.8260617760617761 0.6700057240984545 0.015057915057915058 0.018889524899828276
3 0.8573359073359074 0.7120778477389811 0.011969111969111969 0.024041213508872353
3 0.8633204633204633 0.7209502003434459 0.010038610038610039 0.02346880366342301
3 0.8687258687258688 0.7238122495706926 0.008494208494208495 0.018889524899828276
3 0.8772200772200772 0.725243274184316 0.011583011583011582 0.02633085289066972
3 0.9826254826254827 0.7673153978248426 0.02702702702702703 0.015455065827132226
3 0.8332046332046332 0.7945048654836864 0.008494208494208495 0.019461934745277618
3 0.9868725868725868 0.753005151688609 0.025482625482625483 0.012020606754436176
3 0.9853281853281853 0.7398397252432742 0.019305019305019305 0.010875787063537493
3 0.9814671814671815 0.727819118488838 0.014671814671814672 0.007441327990841442
3 0.9822393822393822 0.7186605609616485 0.015444015444015444 0.008586147681740127
3 0.9818532818532818 0.7006296508299943 0.013127413127413128 0.008013737836290785
3 0.9824324324324324 0.6911848883800802 0.014285714285714285 0.007441327990841442
3 0.8239382239382239 0.6903262736119061 0.014671814671814672 0.025186033199771037
3 0.811003861003861 0.7810532341156268 0.010424710424710425 0.018889524899828276
3 0.24884169884169885 0.6104751001717229 0.016602316602316602 0.0383514596451059
3 0.6934362934362934 0.4891242129364625 0.013899613899613899 0.02003434459072696
3 0.3104247104247104 0.4284487693188323 0.023166023166023165 0.026903262736119062
3 0.31061776061776064 0.44333142530051517 0.021235521235521235 0.024613623354321695
3 0.29382239382239383 0.5523755008586148 0.015444015444015444 0.017172295363480253
3 0.29382239382239383 0.5621064682312535 0.012355212355212355 0.014882655981682884
3 0.6938223938223939 0.5037206639954207 0.021621621621621623 0.029765311963365768
3 0.7065637065637066 0.5128792215226102 0.018532818532818532 0.025186033199771037
3 0.6691119691119691 0.45306239267315396 0.016216216216216217 0.022323983972524327
3 0.7982625482625483 0.7676016027475673 0.011196911196911196 0.019461934745277618
3 0.67007722007722 0.6167716084716657 0.012741312741312742 0.018889524899828276
3 0.6747104247104247 0.6242129364625072 0.010424710424710425 0.012020606754436176
3 0.7237451737451738 0.6937607326846021 0.015057915057915058 0.011448196908986834
3 0.7337837837837838 0.7034917000572409 0.010424710424710425 0.006868918145392101
3 0.788030888030888 0.6597023468803663 0.007722007722007722 0.03033772180881511
3 0.7926640926640927 0.7610188895248998 0.012355212355212355 0.021179164281625643
3 0.9812741312741313 0.681740125930166 0.010424710424710425 0.006868918145392101
3 0.9818532818532818 0.6722953634802519 0.013127413127413128 0.007441327990841442
3 0.9824324324324324 0.6631368059530623 0.014285714285714285 0.007441327990841442
3 0.9171814671814672 0.4293073840870063 0.022007722007722007 0.03434459072696051
3 0.9756756756756757 0.4290211791642816 0.008494208494208495 0.044075558099599316
3 0.9664092664092664 0.42787635947338293 0.0069498069498069494 0.0383514596451059
3 0.9575289575289575 0.42301087578706353 0.006177606177606178 0.025186033199771037
3 0.949034749034749 0.42157985117344016 0.006177606177606178 0.026903262736119062
3 0.9411196911196911 0.42301087578706353 0.006563706563706564 0.028620492272467088
3 0.9254826254826255 0.42157985117344016 0.020077220077220077 0.03262736119061248
3 0.9092664092664092 0.43760732684602177 0.019305019305019305 0.031482541499713794
3 0.9820463320463321 0.6536920435031482 0.013513513513513514 0.006868918145392101
3 0.9023166023166023 0.4619347452776188 0.021621621621621623 0.014882655981682884
3 0.9030888030888031 0.47510017172295366 0.023166023166023165 0.013737836290784202
3 0.1476833976833977 0.6576989124212936 0.019691119691119693 0.012593016599885518
3 0.14420849420849421 0.6680022896393818 0.020463320463320462 0.012593016599885518
3 0.14034749034749036 0.6791642816256439 0.02277992277992278 0.012020606754436176
3 0.13455598455598455 0.6880366342301087 0.014285714285714285 0.009158557527189467
3 0.8959459459459459 0.5048654836863194 0.014285714285714285 0.019461934745277618
3 0.9021235521235521 0.5120206067544362 0.01583011583011583 0.02346880366342301
3 0.9092664092664092 0.519175729822553 0.016216216216216217 0.024041213508872353
3 0.9148648648648648 0.5280480824270177 0.015057915057915058 0.02346880366342301
3 0.9210424710424711 0.5369204350314826 0.017374517374517374 0.025186033199771037
3 0.9254826254826255 0.546078992558672 0.013127413127413128 0.019461934745277618
3 0.9303088803088803 0.5523755008586148 0.016602316602316602 0.02633085289066972
3 0.9355212355212356 0.5615340583858043 0.012355212355212355 0.019461934745277618
3 0.93996138996139 0.5701202060675443 0.012741312741312742 0.019461934745277618
3 0.9455598455598455 0.5758443045220378 0.013127413127413128 0.019461934745277618
3 0.9503861003861004 0.5838580423583286 0.013513513513513514 0.019461934745277618
3 0.955984555984556 0.5907269605037206 0.013899613899613899 0.0206067544361763
3 0.9604247104247104 0.5993131081854608 0.015057915057915058 0.021751574127074985
3 0.9712355212355213 0.6124785346307956 0.011196911196911196 0.018317115054378934
3 0.9756756756756757 0.6193474527761877 0.012355212355212355 0.018317115054378934
3 0.9818532818532818 0.6259301659988552 0.014671814671814672 0.014310246136233544
3 0.9820463320463321 0.6445334859759588 0.013513513513513514 0.005724098454493417
3 0.31293436293436294 0.41671436748712076 0.01891891891891892 0.02289639381797367
3 0.20733590733590734 0.4636519748139668 0.013127413127413128 0.008013737836290785
3 0.08223938223938224 0.887807670291929 0.011583011583011582 0.03434459072696051
3 0.2171814671814672 0.34144247281053236 0.011969111969111969 0.022323983972524327
3 0.15019305019305018 0.3714939896966228 0.012355212355212355 0.011448196908986834
3 0.15 0.38666285060103034 0.00888030888030888 0.02346880366342301
3 0.1554054054054054 0.38838008013737835 0.007335907335907336 0.022323983972524327
3 0.16930501930501932 0.37864911276473956 0.017374517374517374 0.015455065827132226
3 0.20386100386100386 0.3603319977103606 0.016216216216216217 0.03377218088151116
3 0.22374517374517375 0.34344590726960506 0.015057915057915058 0.027475672581568404
3 0.1749034749034749 0.35432169433314253 0.015444015444015444 0.014882655981682884
3 0.14034749034749036 0.38122495706926157 0.00888030888030888 0.021751574127074985
3 0.23706563706563707 0.38122495706926157 0.004633204633204633 0.017172295363480253
3 0.24305019305019304 0.38380080137378364 0.005791505791505791 0.018889524899828276
3 0.2494208494208494 0.38551803091013165 0.004633204633204633 0.01659988551803091
3 0.2554054054054054 0.38866628506010303 0.005019305019305019 0.019461934745277618
3 0.24015444015444015 0.3594733829421866 0.010038610038610039 0.018317115054378934
3 0.283976833976834 0.4009730967372639 0.005019305019305019 0.017744705208929592
3 0.12683397683397685 0.38666285060103034 0.011969111969111969 0.010875787063537493
3 0.13513513513513514 0.37979393245563825 0.008494208494208495 0.021179164281625643
3 0.21563706563706564 0.4762449914138523 0.007335907335907336 0.028620492272467088
3 0.12644787644787644 0.8477389811104751 0.008108108108108109 0.024041213508872353
3 0.08976833976833977 0.8855180309101317 0.00888030888030888 0.021751574127074985
3 0.09594594594594595 0.8820835718374356 0.007335907335907336 0.019461934745277618
3 0.10173745173745173 0.8737836290784201 0.00888030888030888 0.026903262736119062
3 0.10714285714285714 0.8617630223239839 0.009652509652509652 0.03033772180881511
3 0.11428571428571428 0.859187178019462 0.007722007722007722 0.02633085289066972
3 0.11872586872586872 0.8786491127647396 0.015057915057915058 0.018317115054378934
3 0.13861003861003862 0.8328563251287923 0.009266409266409266 0.028620492272467088
3 0.12625482625482626 0.3620492272467086 0.014671814671814672 0.012020606754436176
3 0.1503861003861004 0.8308528906697196 0.01891891891891892 0.02346880366342301
3 0.09420849420849421 0.35890097309673724 0.015444015444015444 0.012593016599885518
3 0.13822393822393822 0.3342873497424156 0.019305019305019305 0.01602747567258157
3 0.1554054054054054 0.34745277618775045 0.017374517374517374 0.01602747567258157
3 0.13687258687258688 0.34258729250143105 0.01583011583011583 0.014310246136233544
3 0.12316602316602317 0.3337149398969662 0.014671814671814672 0.012593016599885518
3 0.27876447876447874 0.3966800228963938 0.004633204633204633 0.018317115054378934
3 0.27297297297297296 0.3955352032054951 0.005405405405405406 0.0206067544361763
3 0.2673745173745174 0.3929593589009731 0.0042471042471042475 0.017744705208929592
3 0.22702702702702704 0.520892959358901 0.018532818532818532 0.012593016599885518
3 0.26003861003861006 0.48540354894104176 0.006563706563706564 0.02289639381797367
3 0.26814671814671814 0.4911276473955352 0.007335907335907336 0.028620492272467088
3 0.2762548262548263 0.47910704064109905 0.009652509652509652 0.035489410417859184
3 0.23764478764478764 0.4813966800228964 0.006563706563706564 0.028620492272467088
3 0.2306949806949807 0.477389811104751 0.005791505791505791 0.025186033199771037
3 0.2254826254826255 0.5131654264453348 0.013127413127413128 0.009730967372638809
3 0.20598455598455598 0.5168860904407556 0.018146718146718147 0.01030337721808815
3 0.28725868725868725 0.38179736691471095 0.013127413127413128 0.024041213508872353
3 0.20733590733590734 0.524327418431597 0.020077220077220077 0.011448196908986834
3 0.23281853281853282 0.5326273611906125 0.014671814671814672 0.009730967372638809
3 0.23455598455598456 0.5429307384087007 0.016602316602316602 0.009730967372638809
3 0.22664092664092664 0.5578133943903835 0.030115830115830116 0.015455065827132226
3 0.19536679536679535 0.5406410990269033 0.013899613899613899 0.015455065827132226
3 0.20810810810810812 0.5572409845449342 0.010038610038610039 0.015455065827132226
3 0.2527027027027027 0.48340011448196907 0.006563706563706564 0.024613623354321695
3 0.24498069498069497 0.48254149971379506 0.006563706563706564 0.02633085289066972
3 0.21911196911196912 0.4413279908414425 0.010424710424710425 0.021751574127074985
3 0.2359073359073359 0.44275901545506585 0.014671814671814672 0.028048082427017746
3 0.24247104247104248 0.44819690898683456 0.014671814671814672 0.030910131654264452
3 0.24845559845559845 0.45163136805953064 0.015057915057915058 0.029765311963365768
3 0.2640926640926641 0.45449341728677733 0.015444015444015444 0.03319977103606182
3 0.2716216216216216 0.45735546651402403 0.013513513513513514 0.027475672581568404
3 0.2384169884169884 0.42186605609616484 0.020463320463320462 0.021751574127074985
3 0.3027027027027027 0.3102461362335432 0.010810810810810811 0.02633085289066972
3 0.24633204633204633 0.36090440755580994 0.011583011583011582 0.022323983972524327
3 0.25135135135135134 0.3646250715512307 0.009266409266409266 0.017172295363480253
3 0.2590733590733591 0.362621637092158 0.011583011583011582 0.022323983972524327
3 0.2642857142857143 0.3683457355466514 0.010424710424710425 0.02003434459072696
3 0.2702702702702703 0.37178019461934747 0.009266409266409266 0.017744705208929592
3 0.27606177606177607 0.3726388093875215 0.011583011583011582 0.021751574127074985
3 0.2828185328185328 0.37492844876931886 0.011196911196911196 0.021751574127074985
4 0.261003861003861 0.37864911276473956 0.06486486486486487 0.061247853463079566
