2 0.9534883720930233 0.7651515151515151 0.02188782489740082 0.01760851760851761
3 0.7441860465116279 0.37325962325962325 0.0506155950752394 0.04135954135954136
3 0.6569767441860465 0.553030303030303 0.05540355677154583 0.024979524979524978
3 0.5885772913816689 0.5757575757575758 0.06908344733242135 0.031122031122031123
3 0.6398768809849521 0.5362407862407862 0.05540355677154583 0.025798525798525797
3 0.5745554035567716 0.55999180999181 0.07250341997264022 0.03235053235053235
3 0.551641586867305 0.5436117936117936 0.08549931600547196 0.03562653562653563
3 0.6258549931600548 0.5214987714987716 0.057455540355677154 0.025798525798525797
3 0.6008891928864569 0.4916052416052416 0.05677154582763338 0.025798525798525797
3 0.5235978112175103 0.5061425061425061 0.0759233926128591 0.03276003276003276
3 0.573187414500684 0.45925470925470924 0.04377564979480164 0.020065520065520065
3 0.5858413132694938 0.47563472563472564 0.05677154582763338 0.025798525798525797
3 0.49247606019151846 0.4711302211302211 0.08071135430916553 0.033988533988533985
3 0.5619015047879617 0.4441031941031941 0.05677154582763338 0.025798525798525797
3 0.5471956224350205 0.4283374283374283 0.046511627906976744 0.021294021294021293
3 0.4784541723666211 0.45188370188370186 0.0704514363885089 0.029893529893529894
3 0.4630642954856361 0.430999180999181 0.07797537619699042 0.033988533988533985
3 0.5355677154582763 0.41257166257166256 0.0506155950752394 0.021703521703521703
3 0.5208618331053352 0.3972153972153972 0.04445964432284542 0.019656019656019656
3 0.45006839945280436 0.41277641277641275 0.06703146374829001 0.031122031122031123
3 0.5082079343365253 0.3830876330876331 0.058823529411764705 0.024979524979524978
3 0.5020519835841313 0.3662981162981163 0.05471956224350205 0.02252252252252252
3 0.42544459644322846 0.3953726453726454 0.07387140902872777 0.033988533988533985
3 0.41963064295485636 0.3738738738738739 0.06497948016415869 0.02702702702702703
3 0.4801641586867305 0.35135135135135137 0.057455540355677154 0.02293202293202293
3 0.4538303693570451 0.34193284193284196 0.09370725034199727 0.03849303849303849
3 0.3967168262653899 0.3617936117936118 0.038303693570451436 0.018427518427518427
3 0.6029411764705882 0.5933660933660934 0.06361149110807114 0.027846027846027847
3 0.6682626538987688 0.5687960687960688 0.060191518467852256 0.027846027846027847
3 0.6822845417236663 0.584971334971335 0.04719562243502052 0.02252252252252252
3 0.7917236662106704 0.711916461916462 0.054035567715458276 0.02334152334152334
9 0.5512995896032832 0.20945945945945946 0.060191518467852256 0.03726453726453727
7 0.457250341997264 0.18693693693693694 0.1265389876880985 0.07084357084357085
7 0.8149794801641587 0.19963144963144963 0.1292749658002736 0.05118755118755119
4 0.16928864569083446 0.825962325962326 0.3344733242134063 0.26617526617526616
4 0.3512311901504788 0.6476248976248976 0.5328317373461012 0.45659295659295657
4 0.6118331053351573 0.5626535626535627 0.4794801641586867 0.45782145782145783
4 0.9093707250341997 0.6676904176904177 0.1511627906976744 0.1339066339066339
4 0.7517099863201094 0.39926289926289926 0.08207934336525308 0.07534807534807535
3 0.8734610123119015 0.7635135135135135 0.02051983584131327 0.009418509418509418
3 0.8679890560875513 0.7688370188370188 0.01094391244870041 0.011875511875511875
3 0.8064295485636115 0.7256347256347256 0.03419972640218878 0.014742014742014743
3 0.7831737346101231 0.70004095004095 0.03967168262653899 0.01760851760851761
3 0.6196990424076607 0.6132268632268633 0.07250341997264022 0.03235053235053235
3 0.7305061559507524 0.7555282555282555 0.06155950752393981 0.02702702702702703
3 0.7274281805745554 0.7364864864864865 0.07455540355677155 0.03153153153153153
3 0.7650478796169631 0.6820229320229321 0.05129958960328317 0.02252252252252252
3 0.7523939808481532 0.6633906633906634 0.04514363885088919 0.019656019656019656
3 0.7370041039671683 0.6535626535626535 0.052667578659370724 0.02293202293202293
3 0.6805745554035568 0.6828419328419328 0.07387140902872777 0.03153153153153153
3 0.6655266757865937 0.6683046683046683 0.06429548563611491 0.028665028665028666
3 0.7233242134062927 0.6357493857493858 0.04582763337893297 0.020065520065520065
3 0.7127222982216143 0.6171171171171171 0.058823529411764705 0.027846027846027847
3 0.6374829001367989 0.6296068796068796 0.07113543091655267 0.03235053235053235
3 0.6963064295485636 0.6011466011466011 0.060191518467852256 0.02702702702702703
3 0.7151162790697675 0.3857493857493858 0.06497948016415869 0.051597051597051594
3 0.18467852257181944 0.39844389844389844 0.06976744186046512 0.025389025389025387
2 0.939124487004104 0.7680180180180181 0.02051983584131327 0.015151515151515152
3 0.21511627906976744 0.42895167895167896 0.09644322845417237 0.03726453726453727
3 0.503077975376197 0.740990990990991 0.06634746922024624 0.029074529074529076
3 0.5283857729138167 0.7743652743652744 0.06224350205198358 0.02620802620802621
3 0.5512995896032832 0.7889025389025389 0.07387140902872777 0.033169533169533166
3 0.5690834473324213 0.8093775593775594 0.06566347469220246 0.033988533988533985
2 0.22537619699042408 0.11752661752661753 0.019835841313269494 0.014742014742014743
2 0.15834473324213405 0.22092547092547093 0.029411764705882353 0.01597051597051597
2 0.12790697674418605 0.2194922194922195 0.027359781121751026 0.015561015561015561
2 0.4131326949384405 0.07944307944307945 0.024623803009575923 0.013104013104013105
2 0.4127906976744186 0.09295659295659296 0.02667578659370725 0.015561015561015561
2 0.5577975376196991 0.009623259623259623 0.029411764705882353 0.015151515151515152
2 0.7144322845417237 0.06265356265356266 0.0280437756497948 0.009828009828009828
2 0.8471272229822161 0.15765765765765766 0.02667578659370725 0.009828009828009828
2 0.9271545827633378 0.19307944307944308 0.02667578659370725 0.012694512694512694
2 0.8878248974008208 0.4877149877149877 0.027359781121751026 0.019656019656019656
2 0.948358413132695 0.8325143325143325 0.019835841313269494 0.015561015561015561
2 0.9257865937072504 0.8398853398853399 0.021203830369357045 0.015561015561015561
2 0.96922024623803 0.8206388206388207 0.02051983584131327 0.015561015561015561
2 0.9398084815321477 0.7680180180180181 0.019151846785225718 0.014332514332514333
2 0.670656634746922 0.8615888615888616 0.021203830369357045 0.015561015561015561
2 0.7079343365253078 0.852989352989353 0.02188782489740082 0.015561015561015561
2 0.5755813953488372 0.8912776412776413 0.018467852257181942 0.01597051597051597
2 0.4432284541723666 0.9314086814086814 0.02188782489740082 0.01597051597051597
2 0.48153214774281805 0.923013923013923 0.023255813953488372 0.0171990171990172
2 0.9172366621067032 0.7774365274365275 0.023255813953488372 0.018427518427518427
2 0.9278385772913816 0.7725225225225225 0.021203830369357045 0.01678951678951679
3 0.4856361149110807 0.7248157248157249 0.06976744186046512 0.03194103194103194
3 0.3905608755129959 0.7305487305487306 0.08344733242134063 0.036036036036036036
3 0.36080711354309164 0.6932841932841933 0.0786593707250342 0.03194103194103194
3 0.34644322845417236 0.55999180999181 0.0677154582763338 0.029893529893529894
3 0.23563611491108072 0.44594594594594594 0.08549931600547196 0.03521703521703522
3 0.25649794801641584 0.4617117117117117 0.07934336525307797 0.033988533988533985
3 0.16552667578659372 0.4703112203112203 0.04514363885088919 0.020065520065520065
3 0.17612859097127223 0.48894348894348894 0.05540355677154583 0.02457002457002457
3 0.2657318741450068 0.4811629811629812 0.07181942544459645 0.030303030303030304
3 0.29069767441860467 0.4957002457002457 0.06839945280437756 0.029893529893529894
3 0.30437756497948015 0.5133087633087633 0.06155950752393981 0.02661752661752662
3 0.2021203830369357 0.5272317772317773 0.12790697674418605 0.053644553644553644
3 0.22229822161422708 0.5513923013923014 0.09849521203830369 0.04054054054054054
3 0.3180574555403557 0.5282555282555282 0.06155950752393981 0.025389025389025387
3 0.329343365253078 0.5446355446355446 0.0677154582763338 0.030303030303030304
3 0.35807113543091657 0.5753480753480753 0.0677154582763338 0.027846027846027847
3 0.3734610123119015 0.7123259623259623 0.08481532147742818 0.033988533988533985
3 0.23700410396716826 0.5735053235053235 0.09917920656634747 0.04217854217854218
3 0.29309165526675784 0.6150696150696151 0.08413132694938441 0.0343980343980344
3 0.29001367989056087 0.6431203931203932 0.09028727770177838 0.03644553644553645
3 0.31942544459644323 0.6564291564291564 0.08344733242134063 0.03521703521703522
3 0.34131326949384405 0.6744471744471745 0.08071135430916553 0.03276003276003276
3 0.38679890560875513 0.6107698607698607 0.05677154582763338 0.02334152334152334
3 0.4011627906976744 0.6242833742833743 0.07455540355677155 0.03235053235053235
3 0.41484268125854995 0.6402538902538902 0.0677154582763338 0.030712530712530713
3 0.4274965800273598 0.6578624078624079 0.07113543091655267 0.030712530712530713
3 0.4418604651162791 0.674037674037674 0.06292749658002736 0.027846027846027847
3 0.4579343365253078 0.6916461916461917 0.07181942544459645 0.03194103194103194
7 0.6409028727770177 0.15274365274365273 0.12859097127222982 0.051597051597051594
