3 0.8833124215809285 0.9332135858915741 0.01589293182768716 0.01077726975832789
3 0.24717691342534504 0.1900718484650555 0.010874111250522794 0.011103853690398433
3 0.19677959012965288 0.26322664924885697 0.014638226683396068 0.009144350097975179
3 0.2013801756587202 0.267472240365774 0.012965286491007947 0.007838014369693011
3 0.20618987871183606 0.27465708687132595 0.013383521539104977 0.008491182233834096
3 0.21016311166875784 0.2793925538863488 0.013801756587202008 0.009470934030045721
3 0.20263488080301129 0.29327237099934683 0.017147636971978252 0.017635532331809273
3 0.2233375156838143 0.29392553886348793 0.016729401923881223 0.010450685826257348
3 0.21497281472187368 0.28967994774657085 0.012547051442910916 0.007838014369693011
3 0.23212045169385195 0.3047028086218158 0.013383521539104977 0.009144350097975179
3 0.2356754496026767 0.3087851077726976 0.011292346298619825 0.007511430437622469
3 0.24299456294437474 0.31956237753102545 0.014219991635299039 0.008817766165904637
3 0.2367210372229193 0.3347485303723057 0.018402342116269343 0.017635532331809273
3 0.24696779590129653 0.32527759634225994 0.013801756587202008 0.008491182233834096
3 0.2547051442910916 0.3350751143043762 0.015056461731493099 0.009144350097975179
3 0.2580510246758678 0.33948399738732854 0.014219991635299039 0.008817766165904637
3 0.26348808030112925 0.34552580013063355 0.011710581346716854 0.007838014369693011
3 0.25240485152655795 0.3538536903984324 0.017147636971978252 0.017962116263879817
3 0.27331660393140944 0.3535271064663619 0.017984107068172314 0.011430437622468974
3 0.2961104140526976 0.3339320705421293 0.014219991635299039 0.014043109079033311
3 0.30489335006273527 0.3306662312214239 0.01589293182768716 0.016655780535597648
3 0.18255959849435383 0.2437949052906597 0.01631116687578419 0.01077726975832789
3 0.15955667084901715 0.24101894186806008 0.017147636971978252 0.016982364467668192
3 0.16311166875784192 0.222893533638145 0.012547051442910916 0.008164598301763554
3 0.24780426599749059 0.09405617243631613 0.018820577164366373 0.011757021554539516
3 0.25052279381012127 0.20460483344219466 0.011710581346716854 0.010124101894186806
3 0.23881221246340442 0.21325930764206402 0.011710581346716854 0.011757021554539516
3 0.2411125052279381 0.19284781188765512 0.010455876202425763 0.010124101894186806
3 0.22731074864073608 0.1998693664271718 0.00878293601003764 0.009797517962116264
3 0.2708071936428273 0.08344219464402351 0.018820577164366373 0.012083605486610059
3 0.2952739439565036 0.057152188112344876 0.010874111250522794 0.010450685826257348
3 0.2680886658301966 0.07233834095362508 0.010874111250522794 0.01077726975832789
3 0.2542869092429946 0.0767472240365774 0.011710581346716854 0.011757021554539516
3 0.22124634044332916 0.10728282168517309 0.018402342116269343 0.011430437622468974
3 0.13780844834797157 0.2127694317439582 0.018820577164366373 0.019268451992161987
3 0.21497281472187368 0.09568909209666884 0.012547051442910916 0.013063357282821686
3 0.19615223755750733 0.10597648595689092 0.014219991635299039 0.014696276943174396
3 0.15830196570472604 0.12932723709993468 0.02383939774153074 0.024820378837361202
3 0.18987871183605187 0.10809928151534945 0.013383521539104977 0.012410189418680601
3 0.18925135926390632 0.12279555845852384 0.014638226683396068 0.009144350097975179
3 0.09263906315349227 0.1580666231221424 0.018820577164366373 0.019595035924232528
3 0.10999581764951903 0.15365774003919008 0.020075282308657464 0.011430437622468974
3 0.10999581764951903 0.17798824297844545 0.01589293182768716 0.016329196603527107
3 0.3122124634044333 0.3257674722403658 0.01547469677959013 0.01534944480731548
3 0.3228774571309076 0.32315480078380143 0.014219991635299039 0.014043109079033311
3 0.3289418653283145 0.31956237753102545 0.013801756587202008 0.014043109079033311
3 0.5746549560853199 0.5484977139124755 0.01589293182768716 0.010124101894186806
3 0.3099121706398996 0.27400391900718485 0.03094939355918026 0.016982364467668192
3 0.11731493099121706 0.07821685173089483 0.02300292764533668 0.022534291312867407
3 0.10100376411543287 0.143370346178968 0.017147636971978252 0.011103853690398433
3 0.6112505227938101 0.4750163291966035 0.017984107068172314 0.011430437622468974
3 0.5882475951484735 0.47550620509470937 0.028021748222501044 0.016329196603527107
3 0.6298619824341279 0.49918354016982364 0.019238812212463405 0.012083605486610059
3 0.6553743203680469 0.5293925538863488 0.01589293182768716 0.009797517962116264
3 0.5796737766624843 0.5550293925538864 0.021748222501045588 0.013389941214892228
3 0.6842325386867419 0.5589483997387329 0.01756587202007528 0.01077726975832789
3 0.3601003764115433 0.24853037230568256 0.026767043078209953 0.016982364467668192
3 0.6898787118360519 0.5641737426518615 0.013801756587202008 0.008817766165904637
3 0.6639481388540359 0.5695623775310255 0.01631116687578419 0.010450685826257348
3 0.6758678377248013 0.5819725669497061 0.019238812212463405 0.012410189418680601
3 0.6990798828941865 0.5765839320705421 0.014638226683396068 0.009470934030045721
3 0.6842325386867419 0.5881776616590464 0.013383521539104977 0.008491182233834096
3 0.7036804684232538 0.5809928151534944 0.012128816394813885 0.007184846505551927
3 0.7072354663320787 0.5876877857609406 0.011710581346716854 0.007511430437622469
3 0.685069008782936 0.5951992161985631 0.016729401923881223 0.010124101894186806
3 0.3201589293182769 0.2826583932070542 0.026348808030112924 0.018615284128020902
3 0.36658301965704726 0.25702155453951664 0.02132998745294856 0.013716525146962769
3 0.3358427436219155 0.3166231221423906 0.010874111250522794 0.01077726975832789
3 0.4301547469677959 0.2709013716525147 0.011292346298619825 0.012083605486610059
3 0.3423253868674195 0.3131939908556499 0.01547469677959013 0.015676028739386023
3 0.34859891258887493 0.3104180274330503 0.013801756587202008 0.013389941214892228
3 0.36093684650773733 0.3035597648595689 0.015056461731493099 0.014696276943174396
3 0.39209535759096614 0.2883736120182887 0.012128816394813885 0.012410189418680601
3 0.3998327059807612 0.28576094056172435 0.013383521539104977 0.013716525146962769
3 0.40631534922626517 0.2820052253429131 0.013801756587202008 0.013389941214892228
3 0.4138435800920117 0.2795558458523841 0.012128816394813885 0.012410189418680601
3 0.424508573818486 0.2736773350751143 0.012547051442910916 0.013063357282821686
3 0.4360100376411543 0.2687785760940562 0.010455876202425763 0.011103853690398433
3 0.37829360100376414 0.23677335075114303 0.012965286491007947 0.013063357282821686
3 0.44081974069427016 0.26502286087524496 0.010037641154328732 0.010124101894186806
3 0.4588038477624425 0.25702155453951664 0.010037641154328732 0.009797517962116264
3 0.47009619406106234 0.251796211626388 0.009201171058134672 0.008491182233834096
3 0.41426181514010874 0.23693664271717832 0.011292346298619825 0.012083605486610059
3 0.4084065244667503 0.23954931417374264 0.012128816394813885 0.012736773350751143
3 0.40046005855290673 0.22893533638145003 0.009619406106231703 0.009144350097975179
3 0.3851944792973651 0.2336708033964729 0.012547051442910916 0.012083605486610059
3 0.3889585947302384 0.2503265839320705 0.010874111250522794 0.01077726975832789
3 0.2563780844834797 0.20133899412148923 0.010874111250522794 0.011430437622468974
3 0.2588874947720619 0.1845199216198563 0.011710581346716854 0.011103853690398433
3 0.7168548724383104 0.5992815153494448 0.015056461731493099 0.009797517962116264
3 0.27896277708071937 0.1900718484650555 0.010037641154328732 0.009797517962116264
3 0.5650355499790882 0.340953625081646 0.019238812212463405 0.012410189418680601
3 0.56900878293601 0.3478118876551274 0.02132998745294856 0.013063357282821686
3 0.5740276035131744 0.35516002612671455 0.01547469677959013 0.010124101894186806
3 0.5798828941865328 0.35973220117570215 0.01547469677959013 0.010124101894186806
3 0.5842743621915516 0.3656107119529719 0.018402342116269343 0.011430437622468974
3 0.588874947720619 0.3724689745264533 0.019238812212463405 0.012083605486610059
3 0.5943120033458804 0.37900065316786413 0.01589293182768716 0.009470934030045721
3 0.5989125888749477 0.383736120182887 0.01756587202007528 0.010450685826257348
3 0.6033040568799666 0.39026779882429785 0.01631116687578419 0.010450685826257348
3 0.6104140526976161 0.3964728935336381 0.017984107068172314 0.011103853690398433
3 0.6139690506064408 0.4025146962769432 0.020075282308657464 0.012736773350751143
3 0.6194061062317022 0.4082299150881777 0.019238812212463405 0.011757021554539516
3 0.6258887494772062 0.4132919660352711 0.014638226683396068 0.008164598301763554
3 0.6283981597657884 0.4211299804049641 0.019657047260560435 0.012736773350751143
3 0.6321622751986616 0.4271717831482691 0.017147636971978252 0.010450685826257348
3 0.6384358009201171 0.4335401698236447 0.019657047260560435 0.012083605486610059
3 0.6447093266415725 0.43941868060091444 0.019657047260560435 0.012083605486610059
3 0.6587202007528231 0.45329849771391245 0.02258469259723965 0.016982364467668192
3 0.5805102467586783 0.43647942521227956 0.01589293182768716 0.01077726975832789
3 0.4895441237975742 0.35924232527759636 0.020493517356754497 0.013063357282821686
4 0.6925972396486826 0.7673089483997387 0.0836470096194061 0.05062050947093403
4 0.7287745713090757 0.9008817766165904 0.15265579255541614 0.17668190725016328
4 0.45441237975742366 0.4064337034617897 0.15181932245922208 0.16165904637491835
4 0.24027603513174403 0.0919333768778576 0.17189460476787954 0.09699542782495102
4 0.3094939355918026 0.022207707380796866 0.04851526557925554 0.025473546701502287
4 0.27498954412379756 0.1342259960809928 0.1685487243831033 0.09470934030045722
4 0.30363864491844417 0.1716198563030699 0.16980342952739438 0.09830176355323318
4 0.3331242158092848 0.21080992815153493 0.16520284399832705 0.09503592423252775
4 0.3617733166039314 0.2534291312867407 0.16394813885403597 0.09405617243631613
4 0.3805938937682978 0.30209013716525146 0.21580928481806774 0.11757021554539517
4 0.3824759514847344 0.4420313520574788 0.16102049351735676 0.16557805355976485
4 0.5188205771643664 0.37818419333768777 0.1468005018820577 0.1541476159372959
4 0.82956921790046 0.8633246244284781 0.13508992053534086 0.15643370346178967
4 0.609577582601422 0.39304376224689747 0.11250522793810121 0.12442847811887656
4 0.6273525721455459 0.5148595689092097 0.1028858218318695 0.09960809928151534
4 0.5591802593057298 0.5484977139124755 0.1028858218318695 0.10091443500979752
4 0.4891258887494772 0.5836054866100587 0.10664993726474278 0.10189418680600915
4 0.6934337097448766 0.5893207054212932 0.08950230029276453 0.08393207054212933
4 0.6279799247176914 0.6265512736773351 0.0999581764951903 0.09372958850424559
4 0.5566708490171476 0.6655780535597648 0.1053952321204517 0.10058785107772697
4 0.7854454203262233 0.8866753755715219 0.1413634462567963 0.15610711952971915
3 0.3948138854035968 0.4773024167210973 0.028439983270598077 0.017308948399738733
3 0.4069427017984107 0.49199869366427174 0.020075282308657464 0.011430437622468974
3 0.44709326641572567 0.500653167864141 0.01756587202007528 0.011103853690398433
3 0.36386449184441655 0.14924885695623774 0.010874111250522794 0.010450685826257348
3 0.25407779171894607 0.13749183540169824 0.034713508992053534 0.020901371652514697
3 0.27749895441237976 0.12736773350751143 0.020493517356754497 0.013063357282821686
3 0.29924717691342534 0.1263879817112998 0.017147636971978252 0.010450685826257348
3 0.30447511501463825 0.1128347485303723 0.02342116269343371 0.014043109079033311
3 0.3333333333333333 0.10907903331156107 0.01589293182768716 0.010450685826257348
3 0.3716018402342116 0.12916394513389942 0.011292346298619825 0.011430437622468974
3 0.36511919698870765 0.13275636838667537 0.010874111250522794 0.010124101894186806
3 0.3743203680468423 0.14369693011103854 0.010037641154328732 0.010450685826257348
3 0.35215391049769973 0.15431090790333116 0.010037641154328732 0.01077726975832789
3 0.2287745713090757 0.15202482037883736 0.012547051442910916 0.008164598301763554
3 0.349017147636972 0.14092096668843893 0.010455876202425763 0.010124101894186806
3 0.35382685069008785 0.13749183540169824 0.011710581346716854 0.011757021554539516
3 0.33751568381430364 0.14630960156760286 0.010874111250522794 0.011103853690398433
3 0.34065244667503136 0.160842586544742 0.00878293601003764 0.008817766165904637
3 0.32643245503973234 0.15202482037883736 0.010455876202425763 0.01077726975832789
3 0.3151401087411125 0.15725016329196603 0.010455876202425763 0.01077726975832789
3 0.31304893350062735 0.1737426518615284 0.010455876202425763 0.010450685826257348
3 0.2904642409033877 0.18484650555192683 0.012128816394813885 0.011757021554539516
3 0.26411543287327477 0.1445133899412149 0.027185278126306986 0.016655780535597648
3 0.219155165202844 0.16557805355976485 0.016729401923881223 0.011103853690398433
3 0.4086156419907988 0.44856303069888964 0.019238812212463405 0.012736773350751143
3 0.3209953994144709 0.22501632919660353 0.009619406106231703 0.009797517962116264
3 0.3866583019657047 0.42308948399738733 0.02132998745294856 0.013389941214892228
3 0.36616478460895024 0.4413781841933377 0.020493517356754497 0.012736773350751143
3 0.3741112505227938 0.4483997387328543 0.02300292764533668 0.013716525146962769
3 0.35633626097867 0.42700849118223383 0.02342116269343371 0.014696276943174396
3 0.3793391886240067 0.2980078380143697 0.02342116269343371 0.016655780535597648
3 0.39063153492262653 0.30633572828216854 0.010037641154328732 0.009797517962116264
3 0.29652864910079463 0.22370999346832135 0.02342116269343371 0.014369693011103853
3 0.31555834378920955 0.22713912475506204 0.011292346298619825 0.01077726975832789
3 0.3333333333333333 0.22158719790986284 0.010037641154328732 0.008817766165904637
3 0.20702634880803011 0.16116917047681253 0.02342116269343371 0.014696276943174396
3 0.33793391886240065 0.2160352710646636 0.011710581346716854 0.009470934030045721
3 0.35006273525721454 0.21064663618549967 0.010874111250522794 0.010450685826257348
3 0.29924717691342534 0.23285434356629653 0.020493517356754497 0.013716525146962769
3 0.27540777917189463 0.24591770084911824 0.02300292764533668 0.016329196603527107
3 0.2685069008782936 0.23563030698889614 0.010874111250522794 0.010124101894186806
3 0.25972396486825594 0.23905943827563683 0.010874111250522794 0.011103853690398433
3 0.2557507319113342 0.25048987589810584 0.020493517356754497 0.018288700195950358
3 0.267461313258051 0.19578706727629 0.010455876202425763 0.010124101894186806
3 0.712254286909243 0.5937295885042456 0.01589293182768716 0.009797517962116264
3 0.7015892931827687 0.6143043762246897 0.020493517356754497 0.012410189418680601
3 0.8797574236721037 0.9281515349444808 0.017147636971978252 0.011103853690398433
3 0.7369301547469678 0.909046374918354 0.020075282308657464 0.012083605486610059
3 0.8201589293182768 0.9177008491182234 0.014219991635299039 0.008491182233834096
3 0.8057298201589294 0.9248856956237753 0.01547469677959013 0.009144350097975179
3 0.801965704726056 0.9206401045068583 0.013801756587202008 0.008491182233834096
3 0.8163948138854036 0.9134552580013063 0.013383521539104977 0.008491182233834096
3 0.8132580510246759 0.9088830829523188 0.012965286491007947 0.008491182233834096
3 0.7990380593893768 0.9159046374918354 0.01547469677959013 0.009470934030045721
3 0.7923462986198243 0.9069235793598955 0.01547469677959013 0.009797517962116264
3 0.7892095357590966 0.9021881123448726 0.013383521539104977 0.008164598301763554
3 0.7860727728983689 0.8976159372958851 0.01547469677959013 0.009470934030045721
3 0.8040568799665412 0.8954931417374266 0.013801756587202008 0.008491182233834096
3 0.8071936428272689 0.8997387328543436 0.015056461731493099 0.009144350097975179
3 0.8097030531158511 0.9044741998693664 0.015056461731493099 0.009470934030045721
3 0.801129234629862 0.8907576747224036 0.014638226683396068 0.009470934030045721
3 0.7965286491007947 0.8866753755715219 0.011292346298619825 0.007184846505551927
3 0.7818904224173986 0.8935336381450033 0.014638226683396068 0.009144350097975179
3 0.7929736511919699 0.8819399085564991 0.014219991635299039 0.008817766165904637
3 0.7900460058552907 0.8767145656433704 0.015056461731493099 0.008817766165904637
3 0.7854454203262233 0.8727955584585239 0.014219991635299039 0.008817766165904637
3 0.7802174822250104 0.8685499673416068 0.011292346298619825 0.007511430437622469
3 0.8090757005437056 0.9292945787067276 0.013801756587202008 0.008164598301763554
3 0.8124215809284818 0.934356629653821 0.012128816394813885 0.007838014369693011
3 0.8237139272271017 0.922273024167211 0.01547469677959013 0.009144350097975179
3 0.794646591384358 0.9787720444154148 0.019238812212463405 0.011757021554539516
3 0.7478042659974906 0.9212932723709993 0.018402342116269343 0.012410189418680601
3 0.7555416143872856 0.9258654474199869 0.018820577164366373 0.011103853690398433
3 0.7565872020075283 0.934356629653821 0.021748222501045588 0.013063357282821686
3 0.76056043496445 0.9402351404310908 0.022166457549142617 0.013716525146962769
3 0.7657883730656629 0.9466035271064663 0.020075282308657464 0.012083605486610059
3 0.7724801338352154 0.9534617896799478 0.021748222501045588 0.012736773350751143
3 0.7781263069845253 0.9599934683213586 0.019657047260560435 0.012083605486610059
3 0.7829360100376411 0.9666884389288047 0.021748222501045588 0.013716525146962769
3 0.8312421580928482 0.9611365120836055 0.017984107068172314 0.010450685826257348
3 0.8270598076118779 0.9266819072501633 0.012965286491007947 0.008817766165904637
3 0.827896277708072 0.9565643370346179 0.01547469677959013 0.009144350097975179
3 0.8442074445838561 0.9492161985630307 0.014638226683396068 0.009470934030045721
3 0.8416980342952739 0.9443174395819726 0.011292346298619825 0.006858262573481384
3 0.8379339188624007 0.9400718484650555 0.01547469677959013 0.009470934030045721
3 0.823086574654956 0.947583278902678 0.013383521539104977 0.008164598301763554
3 0.8189042241739858 0.9430111038536904 0.015056461731493099 0.009470934030045721
3 0.8159765788373066 0.9382756368386675 0.013383521539104977 0.008491182233834096
3 0.8304056879966542 0.9310907903331156 0.014638226683396068 0.008491182233834096
3 0.7779171894604768 0.8636512083605487 0.014219991635299039 0.009470934030045721
3 0.7754077791718946 0.8845525800130634 0.013383521539104977 0.008164598301763554
3 0.7716436637390214 0.8799804049640758 0.01589293182768716 0.010124101894186806
3 0.8362609786700126 0.8757348138471587 0.018820577164366373 0.011430437622468974
3 0.8030112923462986 0.8321358589157414 0.016729401923881223 0.010450685826257348
3 0.8065662902551234 0.8383409536250817 0.017147636971978252 0.011103853690398433
3 0.8117942283563363 0.8440561724363161 0.01756587202007528 0.011430437622468974
3 0.8155583437892095 0.8496080992815154 0.01756587202007528 0.01077726975832789
3 0.8197406942701798 0.8543435662965382 0.018402342116269343 0.011103853690398433
3 0.8251777498954412 0.8600587851077727 0.016729401923881223 0.010124101894186806
3 0.828314512756169 0.8651208360548661 0.018820577164366373 0.011103853690398433
3 0.8320786281890422 0.8701828870019594 0.019657047260560435 0.01077726975832789
3 0.8402342116269343 0.8803069888961463 0.01756587202007528 0.01077726975832789
3 0.7927645336679213 0.8213585891574134 0.017147636971978252 0.011103853690398433
3 0.8488080301129235 0.8902677988242979 0.01631116687578419 0.009797517962116264
3 0.8534086156419908 0.8945133899412149 0.017147636971978252 0.010450685826257348
3 0.856754496026767 0.8995754408883083 0.017147636971978252 0.011430437622468974
3 0.8603094939355918 0.9043109079033311 0.01756587202007528 0.010450685826257348
3 0.8640736093684651 0.9088830829523188 0.01589293182768716 0.009144350097975179
3 0.8674194897532413 0.9141084258654474 0.018402342116269343 0.011103853690398433
3 0.8722291928063571 0.9185173089483998 0.013801756587202008 0.008817766165904637
3 0.875784190715182 0.9230894839973873 0.016729401923881223 0.010124101894186806
3 0.7986198243412798 0.8270738079686479 0.01631116687578419 0.010124101894186806
3 0.7890004182350481 0.8153167864141084 0.01547469677959013 0.010124101894186806
3 0.7628607277289837 0.8719790986283474 0.015056461731493099 0.009144350097975179
3 0.7580510246758678 0.8394839973873286 0.01547469677959013 0.009470934030045721
3 0.7599330823923045 0.8665904637491836 0.015056461731493099 0.009470934030045721
3 0.7555416143872856 0.8618549967341607 0.014638226683396068 0.009797517962116264
3 0.7741530740276035 0.8589157413455258 0.014219991635299039 0.009797517962116264
3 0.7699707235466332 0.8541802743305029 0.015056461731493099 0.010124101894186806
3 0.7655792555416144 0.8494448073154801 0.01547469677959013 0.010450685826257348
3 0.7515683814303639 0.8561397779229262 0.012547051442910916 0.008164598301763554
3 0.7478042659974906 0.8523840627041149 0.014219991635299039 0.009144350097975179
3 0.7611877875365956 0.8447093403004572 0.015056461731493099 0.010124101894186806
3 0.7534504391468005 0.8349118223383409 0.01547469677959013 0.010124101894186806
3 0.7837724801338353 0.8089483997387329 0.01756587202007528 0.010450685826257348
3 0.739857800083647 0.8429131286740692 0.014219991635299039 0.009144350097975179
3 0.7494772061898787 0.8303396472893534 0.014219991635299039 0.009470934030045721
3 0.7455039732329569 0.8257674722403657 0.014638226683396068 0.009470934030045721
3 0.7327478042659975 0.8344219464402352 0.013383521539104977 0.007838014369693011
3 0.7283563362609786 0.8298497713912476 0.014638226683396068 0.009144350097975179
3 0.7710163111668757 0.7926192031352057 0.02132998745294856 0.012410189418680601
3 0.7760351317440402 0.798171129980405 0.019657047260560435 0.011103853690398433
3 0.7797992471769134 0.8035597648595689 0.017984107068172314 0.01077726975832789
3 0.7419489753241322 0.9154147615937296 0.01756587202007528 0.011757021554539516
3 0.7323295692179005 0.9031678641410843 0.019238812212463405 0.011430437622468974
3 0.7218736930154747 0.6058131939908556 0.01589293182768716 0.010450685826257348
3 0.7285654537850272 0.8966361854996734 0.01756587202007528 0.01077726975832789
3 0.46507737348389794 0.573481384715872 0.016729401923881223 0.011103853690398433
3 0.472396486825596 0.5805029392553887 0.02300292764533668 0.014696276943174396
3 0.48097030531158513 0.5934030045721751 0.015056461731493099 0.009144350097975179
3 0.48996235884567124 0.5994448073154801 0.017147636971978252 0.01077726975832789
3 0.49539941447093266 0.6054866100587851 0.01547469677959013 0.009797517962116264
3 0.5211208699289 0.6020574787720444 0.020075282308657464 0.012083605486610059
3 0.49790882475951487 0.6139777922926192 0.022166457549142617 0.013716525146962769
3 0.5035549979088247 0.6203461789679948 0.01756587202007528 0.01077726975832789
3 0.5309493935591802 0.6146309601567603 0.01631116687578419 0.010450685826257348
3 0.5087829360100377 0.6268778576094056 0.017147636971978252 0.01077726975832789
3 0.5135926390631534 0.6350424559111691 0.021748222501045588 0.013389941214892228
3 0.5353408615641991 0.6239386022207707 0.016729401923881223 0.010124101894186806
3 0.5200752823086575 0.64157413455258 0.019657047260560435 0.012083605486610059
3 0.5248849853617733 0.6485956890920966 0.015056461731493099 0.009144350097975179
3 0.5476787954830615 0.6363487916394513 0.02132998745294856 0.014043109079033311
3 0.5520702634880803 0.6423905943827564 0.016729401923881223 0.010450685826257348
3 0.5583437892095358 0.6500653167864141 0.015056461731493099 0.010124101894186806
3 0.5629443747386031 0.6556172436316133 0.016729401923881223 0.010124101894186806
3 0.5355499790882476 0.6611691704768126 0.017984107068172314 0.01077726975832789
3 0.4502300292764534 0.5535597648595689 0.022166457549142617 0.013063357282821686
3 0.5968214136344626 0.6028739386022207 0.016729401923881223 0.011103853690398433
3 0.6131325805102468 0.5868713259307642 0.016729401923881223 0.010450685826257348
3 0.6491007946465914 0.6301436969301111 0.015056461731493099 0.010124101894186806
3 0.7139272271016311 0.6273677335075114 0.020911752404851526 0.013063357282821686
3 0.6597657883730657 0.6632919660352711 0.025512337933918862 0.016329196603527107
3 0.6649937264742786 0.6515349444807316 0.01589293182768716 0.009797517962116264
3 0.6580928481806776 0.6441868060091444 0.02132998745294856 0.012736773350751143
3 0.6398996235884568 0.6645983017635533 0.014219991635299039 0.008491182233834096
3 0.6532831451275617 0.6381450032658393 0.020075282308657464 0.013063357282821686
3 0.6363446256796319 0.6559438275636839 0.018820577164366373 0.012083605486610059
3 0.6258887494772062 0.6430437622468974 0.01631116687578419 0.010450685826257348
3 0.64366373902133 0.6242651861528413 0.015056461731493099 0.009470934030045721
3 0.6181514010874112 0.5922599608099282 0.016729401923881223 0.011430437622468974
3 0.6194061062317022 0.6370019595035924 0.016729401923881223 0.011430437622468974
3 0.6384358009201171 0.6180600914435009 0.017147636971978252 0.01077726975832789
3 0.6154328732747805 0.6304702808621816 0.02132998745294856 0.013389941214892228
3 0.6148055207026348 0.6224689745264533 0.013383521539104977 0.008491182233834096
3 0.6325805102467587 0.6121815806662312 0.020493517356754497 0.012736773350751143
3 0.6275616896695944 0.6059764859568909 0.019657047260560435 0.012736773350751143
3 0.5987034713508992 0.6112018288700196 0.02132998745294856 0.013389941214892228
3 0.62254286909243 0.5992815153494448 0.02132998745294856 0.013063357282821686
3 0.568590547887913 0.6618223383409536 0.018820577164366373 0.012083605486610059
3 0.5466332078628189 0.6734160679294579 0.016729401923881223 0.011103853690398433
3 0.5734002509410289 0.6683540169823645 0.018402342116269343 0.012083605486610059
3 0.6827687160184024 0.8375244937949053 0.019657047260560435 0.012083605486610059
3 0.7051442910915935 0.7624101894186806 0.015056461731493099 0.01534944480731548
3 0.712254286909243 0.7580013063357283 0.01589293182768716 0.015022860875244938
3 0.7214554579673776 0.7566949706074461 0.013383521539104977 0.013063357282821686
3 0.6539104976997072 0.8270738079686479 0.009619406106231703 0.008817766165904637
3 0.6675031367628608 0.819888961463096 0.01756587202007528 0.01077726975832789
3 0.6727310748640736 0.8256041802743305 0.019657047260560435 0.012410189418680601
3 0.678168130489335 0.8311561071195297 0.017147636971978252 0.010450685826257348
3 0.6641572563780845 0.8389941214892227 0.008364700961940611 0.008491182233834096
3 0.6879966541196152 0.8435662965382104 0.019238812212463405 0.011757021554539516
3 0.6894604767879549 0.7686152841280209 0.01631116687578419 0.01534944480731548
3 0.677749895441238 0.8569562377531026 0.010455876202425763 0.009144350097975179
3 0.6961522375575073 0.8561397779229262 0.019657047260560435 0.012083605486610059
3 0.7003345880384776 0.8623448726322664 0.017984107068172314 0.011430437622468974
3 0.6863237139272271 0.8683866753755716 0.013383521539104977 0.013716525146962769
3 0.706608113759933 0.8678967994774657 0.02132998745294856 0.012736773350751143
3 0.7116269343370974 0.8739386022207707 0.02132998745294856 0.012410189418680601
3 0.7162275198661647 0.8799804049640758 0.022166457549142617 0.012736773350751143
3 0.7237557507319113 0.8912475506205094 0.022166457549142617 0.013716525146962769
3 0.698034295273944 0.7660026126714565 0.016729401923881223 0.016002612671456563
3 0.6813048933500627 0.7723709993468322 0.014219991635299039 0.014369693011103853
3 0.5798828941865328 0.6735793598954931 0.017147636971978252 0.01077726975832789
3 0.7084901714763697 0.727139124755062 0.008364700961940611 0.01077726975832789
3 0.5501882057716436 0.6807642064010451 0.019657047260560435 0.012083605486610059
3 0.5598076118778753 0.6926845199216198 0.017147636971978252 0.010450685826257348
3 0.5832287745713091 0.6822338340953625 0.019657047260560435 0.012410189418680601
3 0.5886658301965705 0.6882756368386675 0.022166457549142617 0.013389941214892228
3 0.5928481806775407 0.6956237753102548 0.019657047260560435 0.011757021554539516
3 0.5723546633207863 0.7050947093403005 0.017984107068172314 0.011757021554539516
3 0.5846925972396487 0.7088504245591117 0.028439983270598077 0.017308948399738733
3 0.7147636971978252 0.7256694970607446 0.006691760769552488 0.009797517962116264
3 0.7007528230865746 0.7310581319399085 0.007109995817649519 0.012083605486610059
3 0.6737766624843162 0.7758001306335728 0.015056461731493099 0.014696276943174396
3 0.7070263488080301 0.7462442847811888 0.014638226683396068 0.009144350097975179
3 0.6923881221246341 0.7328543435662965 0.011292346298619825 0.011757021554539516
3 0.685487243831033 0.7354670150228608 0.0075282308657465494 0.008491182233834096
3 0.6787954830614805 0.7346505551926845 0.010874111250522794 0.011430437622468974
3 0.6823504809703053 0.718647942521228 0.011292346298619825 0.005551926845199217
3 0.6915516520284399 0.7137491835401698 0.010455876202425763 0.008817766165904637
3 0.6576746131325805 0.7841280209013717 0.014638226683396068 0.015676028739386023
3 0.6664575491426181 0.780698889614631 0.01547469677959013 0.01534944480731548
4 0.17168548724383104 0.23514043109079033 0.21455457967377667 0.25408229915088176
