3 0.7856683804627249 0.2961736571008094 0.014781491002570694 0.034584253127299486
3 0.8075996143958869 0.2740986019131714 0.01365681233933162 0.033112582781456956
3 0.48409383033419023 0.5754231052244297 0.010282776349614395 0.025018395879323033
3 0.4854595115681234 0.5147167034584254 0.01172879177377892 0.01692420897718911
3 0.45686053984575836 0.5169242089771892 0.01462082262210797 0.025754231052244298
3 0.456780205655527 0.48381162619573215 0.014460154241645245 0.027225901398086828
3 0.4754177377892031 0.48933038999264167 0.011568123393316195 0.020603384841795438
3 0.45533419023136246 0.3973509933774834 0.01703084832904884 0.0235467255334805
3 0.48063946015424164 0.40029433406916853 0.01622750642673522 0.025018395879323033
3 0.4803181233933162 0.34621044885945546 0.01494215938303342 0.024282560706401765
3 0.45557519280205655 0.31309786607799855 0.01140745501285347 0.025754231052244298
3 0.479836118251928 0.3127299484915379 0.015584832904884318 0.026490066225165563
3 0.4561375321336761 0.26379690949227375 0.018958868894601542 0.034584253127299486
3 0.47975578406169667 0.26306107431935244 0.015424164524421594 0.02869757174392936
3 0.4509961439588689 0.23031640912435614 0.010282776349614395 0.020603384841795438
3 0.4785507712082262 0.2299484915378955 0.01365681233933162 0.021339220014716703
3 0.38889781491002573 0.7759381898454746 0.019762210796915168 0.03016924208977189
3 0.3889781491002571 0.7369389256806476 0.017673521850899744 0.025754231052244298
3 0.38881748071979433 0.6857983811626196 0.016066838046272493 0.03090507726269316
3 0.36351221079691515 0.6482707873436351 0.018476863753213366 0.03237674760853569
3 0.3895404884318766 0.5997056659308315 0.021368894601542416 0.02207505518763797
3 0.363913881748072 0.6033848417954378 0.021850899742930592 0.03384841795437822
3 0.3627892030848329 0.5603384841795438 0.02249357326478149 0.033112582781456956
3 0.36359254498714655 0.5169242089771892 0.02410025706940874 0.033112582781456956
3 0.3647172236503856 0.4326710816777042 0.02377892030848329 0.03532008830022075
3 0.3648778920308483 0.3443708609271523 0.021850899742930592 0.03090507726269316
3 0.3649582262210797 0.304635761589404 0.021690231362467866 0.03090507726269316
3 0.4811214652956298 0.6048565121412803 0.01462082262210797 0.029433406916850625
3 0.45517352185089976 0.6515820456217807 0.021208226221079693 0.036055923473142015
3 0.4526831619537275 0.6916850625459897 0.01944087403598972 0.027961736571008096
3 0.5763978149100257 0.5820456217807212 0.008836760925449872 0.01913171449595291
3 0.5714974293059126 0.405813097866078 0.021529562982005142 0.03164091243561442
3 0.5761568123393316 0.434878587196468 0.009640102827763496 0.02207505518763797
3 0.5643476863753213 0.43414275202354674 0.008194087403598971 0.017660044150110375
3 0.5444248071979434 0.44150110375275936 0.022975578406169667 0.03532008830022075
3 0.5754338046272494 0.49816041206769685 0.01108611825192802 0.01913171449595291
3 0.5649903598971723 0.4974245768947756 0.00851542416452442 0.016188373804267846
3 0.5408097686375322 0.5194996320824136 0.011568123393316195 0.02207505518763797
3 0.5758354755784062 0.5228108903605593 0.010925449871465296 0.021339220014716703
3 0.5380784061696658 0.5805739514348786 0.007712082262210797 0.017660044150110375
3 0.5495661953727506 0.5805739514348786 0.010764781491002571 0.01913171449595291
3 0.5654723650385605 0.5813097866077999 0.010443444730077122 0.01913171449595291
3 0.5461118251928021 0.6118469462840324 0.021850899742930592 0.03899926416482708
3 0.4837724935732648 0.6622516556291391 0.010282776349614395 0.017660044150110375
3 0.5604113110539846 0.6181015452538632 0.002892030848329049 0.029433406916850625
3 0.5714974293059126 0.6114790286975718 0.018958868894601542 0.03090507726269316
3 0.568926735218509 0.6622516556291391 0.01960154241645244 0.025018395879323033
3 0.5716580976863753 0.6997792494481236 0.017352185089974295 0.03532008830022075
3 0.5491645244215938 0.6681383370125092 0.009640102827763496 0.020603384841795438
3 0.5397654241645244 0.6666666666666666 0.01237146529562982 0.020603384841795438
3 0.5449871465295629 0.6961000735835173 0.017994858611825194 0.029433406916850625
3 0.5430591259640103 0.7494481236203091 0.017673521850899744 0.024282560706401765
3 0.5690874035989717 0.7476085356880059 0.01960154241645244 0.029433406916850625
3 0.5536632390745502 0.7958057395143487 0.027634961439588688 0.047829286239882265
3 0.48063946015424164 0.6975717439293598 0.021368894601542416 0.03237674760853569
3 0.23835154241645246 0.21376011773362766 0.01172879177377892 0.019867549668874173
3 0.23738753213367608 0.24944812362030905 0.01911953727506427 0.039735099337748346
3 0.23827120822622108 0.32229580573951433 0.011889460154241645 0.020603384841795438
3 0.10644280205655526 0.20493009565857248 0.007872750642673522 0.01545253863134658
3 0.13769280205655526 0.4194260485651214 0.015424164524421594 0.025018395879323033
3 0.12403598971722365 0.4146431199411332 0.009640102827763496 0.01839587932303164
3 0.125883676092545 0.3903605592347314 0.00980077120822622 0.019867549668874173
3 0.13986182519280205 0.32671081677704195 0.010764781491002571 0.01913171449595291
3 0.12604434447300772 0.32560706401766004 0.013978149100257069 0.022810890360559236
3 0.1397814910025707 0.30095658572479767 0.010282776349614395 0.017660044150110375
3 0.12741002570694088 0.29874908020603386 0.010282776349614395 0.01913171449595291
3 0.14098650385604114 0.235467255334805 0.01205012853470437 0.017660044150110375
3 0.12186696658097686 0.23620309050772628 0.01429948586118252 0.027961736571008096
3 0.10491645244215939 0.23362766740250185 0.013817480719794344 0.019867549668874173
3 0.12042095115681234 0.20493009565857248 0.01172879177377892 0.01839587932303164
3 0.05687660668380463 0.40434142752023544 0.011246786632390746 0.199411331861663
3 0.1275706940874036 0.5084621044885945 0.017994858611825194 0.025018395879323033
3 0.041372107969151674 0.35209713024282563 0.007551413881748072 0.24944812362030905
4 0.8665649100257069 0.3160412067696836 0.05832262210796915 0.6276674025018396
4 0.8014942159383034 0.36387049300956587 0.06860539845758355 0.6880058866813834
4 0.730719794344473 0.44885945548197204 0.06940874035989718 0.6666666666666666
4 0.6446818766066839 0.4757174392935982 0.04803984575835476 0.6129506990434143
4 0.5578406169665809 0.47019867549668876 0.05012853470437018 0.6122148638704931
4 0.46891066838046275 0.4613686534216336 0.049967866323907456 0.6151582045621781
4 0.35347043701799485 0.15194996320824136 0.027956298200514137 0.10669610007358352
4 0.3765263496143959 0.48270787343635024 0.04868251928020566 0.5548197203826343
4 0.26389781491002573 0.45805739514348787 0.06924807197943444 0.6203090507726269
4 0.14781491002570693 0.49926416482707875 0.058804627249357325 0.5496688741721855
3 0.12483933161953728 0.4793966151582046 0.011889460154241645 0.01839587932303164
3 0.13279241645244216 0.5614422369389257 0.024903598971722365 0.03826342899190582
3 0.2549003856041131 0.32192788815305373 0.01237146529562982 0.019867549668874173
3 0.2534543701799486 0.5621780721118469 0.01301413881748072 0.020603384841795438
3 0.23811053984575836 0.3498896247240618 0.012210796915167094 0.019867549668874173
3 0.27128856041131105 0.3528329654157469 0.01269280205655527 0.021339220014716703
3 0.287676735218509 0.4311994113318617 0.007872750642673522 0.0235467255334805
3 0.2745822622107969 0.4260485651214128 0.013174807197943445 0.025018395879323033
3 0.2381908740359897 0.42788815305371597 0.010764781491002571 0.021339220014716703
3 0.2529723650385604 0.42935982339955847 0.01333547557840617 0.019867549668874173
3 0.23642352185089974 0.4562178072111847 0.01333547557840617 0.026490066225165563
3 0.2541773778920309 0.45584988962472406 0.009961439588688946 0.019867549668874173
3 0.27201156812339333 0.45842531272994846 0.013496143958868894 0.026490066225165563
3 0.2868733933161954 0.45952906548933037 0.013978149100257069 0.019867549668874173
3 0.2358611825192802 0.5331125827814569 0.012210796915167094 0.021339220014716703
3 0.2780366323907455 0.5746872700515084 0.028438303341902314 0.03384841795437822
3 0.13223007712082263 0.6008094186902134 0.02634961439588689 0.03164091243561442
3 0.2788399742930591 0.6777041942604857 0.027152956298200515 0.03384841795437822
3 0.24349293059125965 0.7877115526122148 0.025546272493573264 0.04341427520235467
3 0.1564910025706941 0.32671081677704195 0.010282776349614395 0.026490066225165563
3 0.1558483290488432 0.30206033848417957 0.012210796915167094 0.019867549668874173
3 0.1710314910025707 0.3922001471670346 0.01140745501285347 0.020603384841795438
3 0.15552699228791775 0.3914643119941133 0.009961439588688946 0.01913171449595291
3 0.16813946015424164 0.5728476821192053 0.00851542416452442 0.01839587932303164
3 0.1611503856041131 0.6563649742457689 0.02667095115681234 0.03532008830022075
3 0.13239074550128535 0.7924944812362031 0.02699228791773779 0.04562178072111847
3 0.1310250642673522 0.6913171449595291 0.022332904884318765 0.03164091243561442
3 0.1342384318766067 0.6541574687270052 0.021047557840616966 0.03090507726269316
3 0.5445051413881749 0.4025018395879323 0.02281491002570694 0.03237674760853569
3 0.5455494858611826 0.34841795437821926 0.015263496143958869 0.03016924208977189
3 0.5712564267352185 0.31714495952906546 0.01944087403598972 0.029433406916850625
3 0.8697782776349614 0.049300956585724795 0.0036953727506426736 0.03090507726269316
3 0.8524260925449871 0.19094922737306844 0.01269280205655527 0.025754231052244298
3 0.8488110539845758 0.1600441501103753 0.012532133676092546 0.033112582781456956
3 0.869456940874036 0.17108167770419427 0.01333547557840617 0.03899926416482708
3 0.8484093830334191 0.13171449595290655 0.01365681233933162 0.025018395879323033
3 0.8664042416452442 0.1423841059602649 0.01269280205655527 0.03016924208977189
3 0.8482487146529563 0.10007358351729213 0.01494215938303342 0.03532008830022075
3 0.8649582262210797 0.11331861662987491 0.01462082262210797 0.041206769683590876
3 0.8642352185089974 0.047829286239882265 0.007390745501285347 0.016188373804267846
3 0.8834350899742931 0.03495217071376012 0.0036953727506426736 0.03164091243561442
3 0.8765263496143959 0.04157468727005151 0.0036953727506426736 0.03016924208977189
3 0.8729113110539846 0.044885945548197206 0.0038560411311053984 0.03090507726269316
3 0.8084832904884319 0.3072111846946284 0.015745501285347043 0.04194260485651214
3 0.8700192802056556 0.23215599705665932 0.012210796915167094 0.03164091243561442
3 0.7863110539845758 0.3259749816041207 0.011568123393316195 0.03090507726269316
3 0.7915327763496144 0.37012509197939664 0.017191516709511568 0.03826342899190582
3 0.8112949871465296 0.3487858719646799 0.017834190231362467 0.039735099337748346
3 0.793219794344473 0.3999264164827079 0.015102827763496144 0.037527593818984545
3 0.8130623393316195 0.38226637233259747 0.01622750642673522 0.04341427520235467
3 0.7946658097686375 0.4481236203090508 0.017673521850899744 0.03826342899190582
3 0.8145083547557841 0.4271523178807947 0.01462082262210797 0.034584253127299486
3 0.7963528277634961 0.48050036791758644 0.015263496143958869 0.03384841795437822
3 0.8173200514138818 0.45842531272994846 0.016388174807197942 0.039735099337748346
3 0.7979595115681234 0.5250183958793231 0.018798200514138816 0.03899926416482708
3 0.818043059125964 0.5044150110375276 0.01462082262210797 0.033112582781456956
3 0.8698586118251928 0.1997792494481236 0.013496143958868894 0.02869757174392936
3 0.8537114395886889 0.25165562913907286 0.01237146529562982 0.03532008830022075
3 0.803181233933162 0.5982339955849889 0.016709511568123392 0.039735099337748346
3 0.8681715938303342 0.5125091979396615 0.01172879177377892 0.027225901398086828
3 0.8043862467866324 0.22921265636497423 0.017191516709511568 0.03899926416482708
3 0.7830173521850899 0.2229580573951435 0.01205012853470437 0.029433406916850625
3 0.800530205655527 0.20309050772626933 0.013978149100257069 0.03384841795437822
3 0.8018958868894601 0.152317880794702 0.017994858611825194 0.042678440029433405
3 0.7792416452442159 0.17549668874172186 0.01703084832904884 0.04194260485651214
3 0.8858451156812339 0.6361295069904341 0.024903598971722365 0.07431935246504782
3 0.8886568123393316 0.5860927152317881 0.014460154241645245 0.034584253127299486
3 0.8717866323907455 0.6022810890360559 0.014781491002570694 0.036055923473142015
3 0.8710636246786633 0.5710080941869021 0.01108611825192802 0.03532008830022075
3 0.886728791773779 0.5540838852097131 0.012532133676092546 0.027961736571008096
3 0.8702602827763496 0.5423105224429727 0.01333547557840617 0.039735099337748346
3 0.8842384318766067 0.49595290654893304 0.01494215938303342 0.03532008830022075
3 0.8737949871465296 0.29212656364974243 0.01365681233933162 0.03090507726269316
3 0.8668862467866324 0.4852832965415747 0.01333547557840617 0.03164091243561442
3 0.883194087403599 0.4672553348050037 0.012210796915167094 0.027961736571008096
3 0.864797557840617 0.45474613686534215 0.010764781491002571 0.027961736571008096
3 0.8636728791773779 0.42935982339955847 0.01012210796915167 0.022810890360559236
3 0.8801413881748072 0.4080206033848418 0.014781491002570694 0.033112582781456956
3 0.8608611825192802 0.39514348785871967 0.013174807197943445 0.03237674760853569
3 0.8609415167095116 0.3668138337012509 0.01333547557840617 0.03016924208977189
3 0.877892030848329 0.351729212656365 0.011568123393316195 0.03090507726269316
3 0.8595758354755784 0.3355408388520971 0.011889460154241645 0.02207505518763797
3 0.8759640102827764 0.31714495952906546 0.013496143958868894 0.03090507726269316
3 0.8580494858611826 0.3079470198675497 0.01365681233933162 0.036055923473142015
3 0.820694087403599 0.5334805003679176 0.016066838046272493 0.03679175864606328
3 0.8222204370179949 0.5813097866077999 0.01301413881748072 0.03384841795437822
3 0.5723007712082262 0.271523178807947 0.02024421593830334 0.029433406916850625
3 0.6277313624678663 0.5007358351729213 0.011889460154241645 0.03016924208977189
3 0.7079048843187661 0.22148638704930096 0.010282776349614395 0.03090507726269316
3 0.6447622107969152 0.7991169977924945 0.03888174807197944 0.041206769683590876
3 0.6582583547557841 0.7575423105224429 0.014781491002570694 0.027225901398086828
3 0.6336760925449871 0.7520235467255335 0.02249357326478149 0.03237674760853569
3 0.6327924164524421 0.666298749080206 0.020726221079691517 0.036055923473142015
3 0.6549646529562982 0.67439293598234 0.01140745501285347 0.019867549668874173
3 0.6599453727506427 0.6206769683590876 0.022332904884318765 0.033112582781456956
3 0.6320694087403599 0.6173657100809419 0.021850899742930592 0.03679175864606328
3 0.6290970437017995 0.58719646799117 0.010443444730077122 0.020603384841795438
3 0.6581780205655527 0.5846210448859456 0.01622750642673522 0.027225901398086828
3 0.634077763496144 0.5286975717439294 0.01622750642673522 0.021339220014716703
3 0.6599453727506427 0.4974245768947756 0.01911953727506427 0.029433406916850625
3 0.7322461439588689 0.275570272259014 0.01365681233933162 0.03164091243561442
3 0.6294183804627249 0.4396615158204562 0.010443444730077122 0.027225901398086828
3 0.640504498714653 0.44039735099337746 0.00980077120822622 0.01692420897718911
3 0.6577763496143959 0.44628403237674763 0.016066838046272493 0.02869757174392936
3 0.6355237789203085 0.4139072847682119 0.01462082262210797 0.02869757174392936
3 0.6579370179948586 0.40875643855776306 0.018316195372750643 0.036055923473142015
3 0.6365681233933161 0.3554083885209713 0.012210796915167094 0.01913171449595291
3 0.6390584832904884 0.329654157468727 0.01108611825192802 0.026490066225165563
3 0.6572140102827764 0.32560706401766004 0.018155526992287917 0.03164091243561442
3 0.657133676092545 0.27483443708609273 0.013496143958868894 0.025754231052244298
3 0.6358451156812339 0.24392935982339956 0.00980077120822622 0.021339220014716703
3 0.5482005141388174 0.23841059602649006 0.010282776349614395 0.026490066225165563
3 0.7097525706940874 0.2523914643119941 0.017191516709511568 0.026490066225165563
3 0.7111985861182519 0.29874908020603386 0.015263496143958869 0.03237674760853569
3 0.8047075835475579 0.630242825607064 0.01429948586118252 0.036055923473142015
3 0.752651028277635 0.6530537159676233 0.01301413881748072 0.03164091243561442
3 0.824469794344473 0.6118469462840324 0.01622750642673522 0.04194260485651214
3 0.8053502570694088 0.6791758646063282 0.01687017994858612 0.03090507726269316
3 0.8259158097686375 0.6582045621780721 0.01622750642673522 0.037527593818984545
3 0.8286471722365039 0.6880058866813834 0.01911953727506427 0.04562178072111847
3 0.8078406169665809 0.7126563649742458 0.01960154241645244 0.046357615894039736
3 0.7565874035989717 0.7652685798381162 0.01960154241645244 0.042678440029433405
3 0.7370661953727506 0.7844002943340692 0.01911953727506427 0.041206769683590876
3 0.7357808483290489 0.7487122884473878 0.015584832904884318 0.036055923473142015
3 0.7565070694087404 0.7262693156732892 0.018798200514138816 0.041206769683590876
3 0.7330494858611826 0.710448859455482 0.021368894601542416 0.047829286239882265
3 0.731844473007712 0.6762325239146432 0.016066838046272493 0.03679175864606328
3 0.7504016709511568 0.6085356880058866 0.018155526992287917 0.041206769683590876
3 0.7344151670951157 0.30610743193524653 0.018958868894601542 0.047093451066961
3 0.7277474293059126 0.5989698307579102 0.01654884318766067 0.042678440029433405
3 0.7479916452442159 0.5761589403973509 0.015584832904884318 0.042678440029433405
3 0.7247750642673522 0.5596026490066225 0.020886889460154243 0.05077262693156733
3 0.7238913881748072 0.5213392200147167 0.017191516709511568 0.04194260485651214
3 0.743573264781491 0.5025754231052244 0.016388174807197942 0.03826342899190582
3 0.7209190231362468 0.4786607799852833 0.017673521850899744 0.04047093451066961
3 0.7411632390745502 0.45584988962472406 0.015424164524421594 0.03899926416482708
3 0.7392352185089974 0.42347314201618835 0.016066838046272493 0.04047093451066961
3 0.7381105398457584 0.3811626195732156 0.015745501285347043 0.03826342899190582
3 0.7372268637532133 0.34841795437821926 0.01622750642673522 0.037527593818984545
3 0.7137692802056556 0.3248712288447388 0.015584832904884318 0.037527593818984545
4 0.04803984575835476 0.5029433406916851 0.008033419023136246 0.5952906548933039
