2 0.9683794466403162 0.6949390815370197 0.03162055335968379 0.019681349578256794
3 0.24950592885375494 0.33341143392689787 0.05237154150197629 0.04639175257731959
4 0.3147233201581028 0.2176663542642924 0.16897233201581027 0.05576382380506092
4 0.35276679841897235 0.31935332708528585 0.1976284584980237 0.057638238050609185
4 0.4323122529644269 0.4374414245548266 0.1650197628458498 0.05388940955951265
4 0.4950592885375494 0.5335051546391752 0.16600790513833993 0.052014995313964384
4 0.5454545454545454 0.6234770384254921 0.18972332015810275 0.057638238050609185
4 0.6220355731225297 0.7244611059044048 0.20652173913043478 0.07872539831302718
4 0.7030632411067194 0.8474695407685099 0.11166007905138339 0.048266166822867856
4 0.7707509881422925 0.9081537019681349 0.12648221343873517 0.06279287722586692
3 0.22233201581027667 0.23008434864104968 0.05138339920948617 0.04873477038425492
3 0.27124505928853754 0.2415651358950328 0.03260869565217391 0.02577319587628866
3 0.35177865612648224 0.450796626054358 0.041501976284584984 0.033739456419868794
2 0.7025691699604744 0.23711340206185566 0.015810276679841896 0.016869728209934397
3 0.4135375494071146 0.5508434864104967 0.05039525691699605 0.042642924086223055
3 0.7697628458498024 0.9147141518275539 0.06521739130434782 0.03936269915651359
3 0.7336956521739131 0.926194939081537 0.05039525691699605 0.03139643861293346
2 0.8927865612648221 0.6042642924086223 0.024703557312252964 0.015463917525773196
2 0.8359683794466403 0.7457825679475164 0.023715415019762844 0.01640112464854733
2 0.9792490118577075 0.7624179943767573 0.023715415019762844 0.014058106841611996
2 0.766798418972332 0.38355201499531394 0.019762845849802372 0.014526710402999063
2 0.7663043478260869 0.18017806935332709 0.03458498023715415 0.007029053420805998
2 0.7633399209486166 0.18955014058106842 0.038537549407114624 0.007029053420805998
2 0.7608695652173914 0.1626054358013121 0.03557312252964427 0.01218369259606373
4 0.2855731225296443 0.11949390815370196 0.18181818181818182 0.04592314901593252
