3 0.4695453245639119 0.42082702975289965 0.004003431512725193 0.017650025214321734
3 0.3448670288818988 0.4982349974785678 0.008578781812982557 0.03731719616742309
3 0.4200743494423792 0.5474029248613212 0.008006863025450386 0.02773575390821987
3 0.4240777809551044 0.5163893091275845 0.0062911066628538745 0.024205748865355523
3 0.41821561338289964 0.5176500252143217 0.00657706605661996 0.0226928895612708
3 0.4124964255075779 0.5186585980837115 0.005433228481555619 0.020675743822491176
3 0.4076351158135545 0.521684316691881 0.006005147269087789 0.02168431669188099
3 0.3923362882470689 0.5582450832072617 0.008578781812982557 0.03227433182047403
3 0.3840434658278524 0.5549672213817448 0.006863025450386045 0.023701462430660614
3 0.3776093794681155 0.5582450832072617 0.007148984844152131 0.025214321734745335
3 0.39705461824420935 0.5254664649520928 0.00657706605661996 0.022188603126575897
3 0.3856162424935659 0.5277357539082199 0.007148984844152131 0.02168431669188099
3 0.39019159279382326 0.6855774079677257 0.012868172719473835 0.04387291981845688
3 0.37532170431798684 0.6790216843166919 0.014012010294538175 0.041855774079677256
3 0.3671718615956534 0.6742309631870903 0.01372605090077209 0.04135148764498235
3 0.3587360594795539 0.6681795259707514 0.012296253931941665 0.03731719616742309
3 0.35115813554475267 0.6643973777105396 0.012010294538175578 0.037821482602118005
3 0.6496997426365456 0.7125567322239031 0.009150700600514728 0.022188603126575897
3 0.6642836717186159 0.6825516893595562 0.009722619388046897 0.01664145234493192
3 0.660852158993423 0.6770045385779122 0.009150700600514728 0.015632879475542108
3 0.6558478696025164 0.670196671709531 0.010580497569345154 0.016137165910237016
3 0.6692879611095225 0.6550680786686838 0.013440091507006004 0.02319717599596571
3 0.6444094938518731 0.6391830559757943 0.009436659994280812 0.01664145234493192
3 0.43408635973691734 0.5436207766011094 0.007434944237918215 0.02723146747352496
3 0.43408635973691734 0.5115985879979829 0.0062911066628538745 0.024710035300050427
3 0.44452387760937945 0.5095814422592032 0.004861309694023448 0.018658598083711547
3 0.5160137260509008 0.6101865859808371 0.012868172719473835 0.030257186081694403
3 0.365742064626823 0.4896621280887544 0.007434944237918215 0.02723146747352496
3 0.34215041464112095 0.4599092284417549 0.007720903631684301 0.028240040342914774
3 0.3492993994852731 0.46243066061522947 0.007148984844152131 0.02723146747352496
3 0.35687732342007433 0.45965708522440746 0.008006863025450386 0.028744326777609682
3 0.3634543894766943 0.45713565305093296 0.007434944237918215 0.030761472516389308
3 0.3708893337146125 0.45537065052950076 0.007434944237918215 0.02924861321230459
3 0.37660852158993424 0.45259707513867875 0.0062911066628538745 0.026727181038830056
3 0.5227337718044037 0.6169944528492184 0.01315413211323992 0.03177004538577912
3 0.5386045181584215 0.5948058497226425 0.011724335144409494 0.02773575390821987
3 0.5197311981698599 0.5766515380736258 0.010008578781812983 0.023701462430660614
3 0.44909922790963686 0.5073121533030761 0.00657706605661996 0.02319717599596571
3 0.5142979696883042 0.5726172465960666 0.009436659994280812 0.0226928895612708
3 0.5094366599942808 0.5711043872919819 0.007148984844152131 0.015632879475542108
3 0.5044323706033743 0.5955622793746849 0.01315413211323992 0.02924861321230459
3 0.4977123248498713 0.5910237014624307 0.011152416356877323 0.026222894604135148
3 0.4859879897054618 0.5738779626828038 0.00829282241921647 0.02118003025718608
3 0.4812696597083214 0.5688350983358548 0.008006863025450386 0.019162884518406455
3 0.46983128395767804 0.5237014624306606 0.020017157563625966 0.01664145234493192
3 0.45539033457249073 0.538325769036813 0.007720903631684301 0.030761472516389308
3 0.44852730912210464 0.537821482602118 0.007720903631684301 0.029752899646999495
3 0.6424077780955104 0.6316187594553706 0.009436659994280812 0.012607160867372668
3 0.6119531026594224 0.6248108925869894 0.009150700600514728 0.01714573877962683
3 0.6219616814412353 0.5769036812909732 0.010294538175579068 0.022188603126575897
3 0.7772376322562197 0.7743318204740293 0.012582213325707749 0.026727181038830056
3 0.744781241063769 0.7302067574382249 0.012296253931941665 0.02319717599596571
3 0.77209036316843 0.7249117498739284 0.009150700600514728 0.018658598083711547
3 0.7535030025736346 0.7400403429147756 0.012010294538175578 0.024710035300050427
3 0.7580783528738919 0.7460917801311144 0.009722619388046897 0.0226928895612708
3 0.7635115813554475 0.7539082198688856 0.010866456963111238 0.024205748865355523
3 0.7683728910494709 0.7594553706505295 0.009150700600514728 0.020171457387796268
3 0.7759508149842722 0.7314674735249622 0.011152416356877323 0.02168431669188099
3 0.7735201601372605 0.7660110943015633 0.010294538175579068 0.02118003025718608
3 0.7802402058907635 0.7344931921331316 0.015155847869602517 0.028744326777609682
3 0.7836717186159565 0.7801311144730206 0.012296253931941665 0.025214321734745335
3 0.7446382613668859 0.710287443267776 0.020589076351158135 0.037821482602118005
3 0.7943951958821848 0.7576903681290973 0.010866456963111238 0.02168431669188099
3 0.798541607091793 0.7655068078668684 0.010008578781812983 0.02118003025718608
3 0.8036888761795825 0.7700453857791225 0.010580497569345154 0.022188603126575897
3 0.8089791249642551 0.7723146747352496 0.01486988847583643 0.03177004538577912
3 0.7935373177008864 0.7950075642965204 0.010294538175579068 0.0226928895612708
3 0.7979696883042608 0.8015632879475542 0.010580497569345154 0.02168431669188099
3 0.8029739776951673 0.8091275844679778 0.009150700600514728 0.019667170953101363
3 0.8146983128395768 0.7803832576903681 0.01372605090077209 0.028744326777609682
3 0.8082642264798399 0.8134140191628845 0.011152416356877323 0.025214321734745335
3 0.7613668859022019 0.7140695915279879 0.010580497569345154 0.020171457387796268
3 0.5466113811838719 0.6454866364094806 0.012296253931941665 0.028240040342914774
3 0.6178152702316271 0.5837115481593546 0.009436659994280812 0.020675743822491176
3 0.6318272805261653 0.6966717095310136 0.010008578781812983 0.0226928895612708
3 0.6129539605376036 0.5910237014624307 0.010008578781812983 0.02118003025718608
3 0.6076637117529311 0.5960665658093798 0.01143837575064341 0.02319717599596571
3 0.5985130111524164 0.6091780131114473 0.010866456963111238 0.02319717599596571
3 0.5880754932799542 0.6197680282400403 0.011724335144409494 0.024205748865355523
3 0.5965112953960537 0.6366616238023197 0.009722619388046897 0.014624306606152295
3 0.584072061767229 0.6288451840645487 0.010008578781812983 0.022188603126575897
3 0.5796396911638547 0.6346444780635401 0.009722619388046897 0.020675743822491176
3 0.556905919359451 0.616238023197176 0.012296253931941665 0.02924861321230459
3 0.6358307120388905 0.7037317196167423 0.009436659994280812 0.0226928895612708
3 0.6246782956820132 0.6896116994452849 0.009436659994280812 0.023701462430660614
3 0.553474406634258 0.651790216843167 0.011724335144409494 0.02773575390821987
3 0.6211038032599371 0.7218860312657589 0.01143837575064341 0.02773575390821987
3 0.6133828996282528 0.6765002521432173 0.012010294538175578 0.02773575390821987
3 0.6092364884186445 0.6679273827534039 0.011152416356877323 0.024710035300050427
3 0.5965112953960537 0.6964195663136662 0.01143837575064341 0.026222894604135148
3 0.6022304832713755 0.6656580937972768 0.008578781812982557 0.019162884518406455
3 0.5969402344867029 0.6636409480584973 0.007720903631684301 0.018154311649016642
3 0.5836431226765799 0.6850731215330308 0.012010294538175578 0.02773575390821987
3 0.5719187875321704 0.6686838124054463 0.01372605090077209 0.02723146747352496
3 0.5654847011724335 0.6646495209278871 0.012296253931941665 0.02924861321230459
3 0.35930797826708605 0.49193141704488147 0.007720903631684301 0.026727181038830056
3 0.24349442379182157 0.4518406454866364 0.011724335144409494 0.03328290468986384
3 0.8247068916213898 0.7965204236006052 0.01315413211323992 0.026727181038830056
3 0.2556476980268802 0.4629349470499244 0.009722619388046897 0.02723146747352496
3 0.02730912210466114 0.4863842662632375 0.04032027452101802 0.03983862834089763
3 0.04861309694023449 0.34493192133131617 0.012010294538175578 0.03530005042864347
3 0.056191020875035746 0.345940494200706 0.008864741206748641 0.026222894604135148
3 0.08192736631398341 0.3608169440242057 0.009436659994280812 0.029752899646999495
3 0.09393766085215899 0.3356026222894604 0.010008578781812983 0.024710035300050427
3 0.10451815842150415 0.34367120524457895 0.008864741206748641 0.024710035300050427
3 0.1198169859879897 0.35375693393847707 0.007434944237918215 0.02168431669188099
3 0.13568773234200743 0.3653555219364599 0.007720903631684301 0.02168431669188099
3 0.107377752359165 0.3769541099344428 0.007720903631684301 0.024710035300050427
3 0.057048899056334 0.4886535552193646 0.00829282241921647 0.024205748865355523
3 0.06619959965684873 0.49016641452344933 0.013440091507006004 0.04236006051437216
3 0.07263368601658564 0.5020171457387796 0.008006863025450386 0.024710035300050427
3 0.08178438661710037 0.502773575390822 0.012582213325707749 0.03731719616742309
3 0.08879039176436945 0.5100857286938981 0.011724335144409494 0.033787191124558746
3 0.09779811266800115 0.5113464447806354 0.012582213325707749 0.03731719616742309
3 0.10380325993708893 0.5226928895612708 0.010294538175579068 0.03177004538577912
3 0.11223906205318844 0.5264750378214826 0.011152416356877323 0.03429147755925366
3 0.120817843866171 0.5282400403429148 0.011724335144409494 0.03580433686333838
3 0.12996854446668574 0.5307614725163893 0.012296253931941665 0.03479576399394856
3 0.13740348870460395 0.5380736258194655 0.013440091507006004 0.04135148764498235
3 0.14455247354875608 0.5451336359051941 0.011724335144409494 0.03328290468986384
3 0.03317128967686588 0.1550680786686838 0.018301401201029455 0.11850731215330308
4 0.9246496997426366 0.9357034795763994 0.0774949957106091 0.129601613716591
4 0.909493851873034 0.7708018154311649 0.08550185873605948 0.17095310136157338
4 0.4067772376322562 0.45965708522440746 0.12553617386331142 0.10035300050428643
4 0.10108664569631112 0.2735753908219869 0.08836145267372034 0.09228441754916793
4 0.08750357449242208 0.35047907211296014 0.09837003145553332 0.10489157841654059
4 0.22261938804689735 0.2665153807362582 0.09808407206176722 0.09833585476550681
4 0.20660566199599656 0.34619263741805345 0.10380325993708893 0.11548159354513364
4 0.1975979410923649 0.427130610186586 0.08464398055476123 0.08068582955118507
4 0.31298255647698026 0.3232476046394352 0.09007720903631684 0.09581442259203228
4 0.2902487846725765 0.39989914271306104 0.07835287389190734 0.09480584972264246
4 0.28109808407206177 0.4800806858295512 0.08407206176722905 0.08169440242057488
4 0.40777809551043753 0.37367624810892586 0.07835287389190734 0.05042864346949067
4 0.42708035458964827 0.5337871911245587 0.10151558478696025 0.08623298033282904
4 0.8510151558478696 0.9135148764498235 0.07606519874177867 0.156833081190116
3 0.2743780383185588 0.7175995965708523 0.13011152416356878 0.12506303580433686
4 0.13039748355733485 0.537821482602118 0.16757220474692594 0.13161875945537066
4 0.30583357163282815 0.6409480584972265 0.19130683442951102 0.1502773575390822
3 0.5318844724049185 0.8451840645486637 0.13783242779525307 0.19062027231467474
4 0.5694881326851587 0.6482602118003026 0.19073491564197884 0.23550176500252143
4 0.600657706605662 0.6069087241553203 0.05919359450957964 0.0902672718103883
4 0.5122962539319417 0.44478063540090773 0.03631684300829282 0.08673726676752395
4 0.8032599370889334 0.7889561270801816 0.13268515870746353 0.19314170448814927
4 0.7589362310551901 0.8434190620272315 0.1589934229339434 0.23852748361069087
3 0.16085215899342292 0.5509329299041856 0.012868172719473835 0.037821482602118005
3 0.16757220474692594 0.5564800806858295 0.012010294538175578 0.03983862834089763
3 0.17743780383185587 0.5587493696419567 0.013440091507006004 0.040342914775592535
3 0.10780669144981413 0.26374180534543623 0.008006863025450386 0.02319717599596571
3 0.14240777809551045 0.2314674735249622 0.006863025450386045 0.018154311649016642
3 0.1469831283957678 0.2344931921331316 0.0062911066628538745 0.020171457387796268
3 0.15313125536173863 0.23827534039334342 0.007148984844152131 0.019667170953101363
3 0.1392622247640835 0.28290468986384265 0.006863025450386045 0.020171457387796268
3 0.1298255647698027 0.27685325264750377 0.008578781812982557 0.025214321734745335
3 0.14112096082356304 0.31164901664145234 0.009436659994280812 0.02723146747352496
3 0.1352587932513583 0.308119011598588 0.008006863025450386 0.024205748865355523
3 0.12453531598513011 0.3023197175995966 0.007720903631684301 0.0226928895612708
3 0.11266800114383757 0.2687846696923853 0.006863025450386045 0.022188603126575897
3 0.0976551329711181 0.2561775088250126 0.008864741206748641 0.022188603126575897
3 0.1322562196168144 0.22617246596066565 0.00657706605661996 0.020675743822491176
3 0.08707463540177295 0.2503782148260212 0.00829282241921647 0.023701462430660614
3 0.07134686874463826 0.2682803832576904 0.007148984844152131 0.022188603126575897
3 0.06562768086931656 0.26777609682299547 0.008864741206748641 0.024205748865355523
3 0.05318844724049185 0.2476046394351992 0.012010294538175578 0.03328290468986384
3 0.2772376322562196 0.5025214321734746 0.01973119816985988 0.0226928895612708
3 0.28939090649127824 0.48461926374180536 0.008578781812982557 0.02723146747352496
3 0.28195596225336 0.4790721129601614 0.009722619388046897 0.02924861321230459
3 0.268515870746354 0.4712556732223903 0.009722619388046897 0.02773575390821987
3 0.25378896196740064 0.4856278366111952 0.01687160423219903 0.018154311649016642
3 0.1365456105233057 0.22945032778618255 0.00657706605661996 0.019162884518406455
3 0.12668001143837576 0.22062531517902167 0.0062911066628538745 0.015632879475542108
3 0.19316557048899055 0.5642965204236006 0.013440091507006004 0.039334341906202726
3 0.34143551615670575 0.6638930912758447 0.010866456963111238 0.03177004538577912
3 0.2311981698598799 0.5930408472012103 0.011724335144409494 0.03530005042864347
3 0.2396339719759794 0.6018658598083712 0.01143837575064341 0.029752899646999495
3 0.2476408350014298 0.602874432677761 0.012010294538175578 0.03681290973272819
3 0.2563625965112954 0.6066565809379728 0.011724335144409494 0.03832576903681291
3 0.26379754074921363 0.6094301563287947 0.012296253931941665 0.037821482602118005
3 0.2795253074063483 0.6177508825012608 0.010580497569345154 0.03227433182047403
3 0.3036888761795825 0.6376701966717095 0.012010294538175578 0.033787191124558746
3 0.3128395767800972 0.6364094805849723 0.016013726050900772 0.04639435199193142
3 0.3261366885902202 0.6510337871911246 0.011724335144409494 0.036308623298033284
3 0.09908492993994852 0.17750882501260717 0.007720903631684301 0.022188603126575897
3 0.14240777809551045 0.20297528996469996 0.006863025450386045 0.020675743822491176
3 0.10480411781527023 0.18028240040342916 0.00829282241921647 0.024710035300050427
3 0.07706605661995997 0.16313666162380233 0.007720903631684301 0.0226928895612708
3 0.06734343723191306 0.170196671709531 0.013440091507006004 0.038830055471507814
3 0.09408064054904204 0.20146243066061523 0.0062911066628538745 0.018658598083711547
3 0.10494709751215327 0.2087745839636914 0.0062911066628538745 0.020171457387796268
3 0.11538461538461539 0.21533030761472516 0.00657706605661996 0.019162884518406455
3 0.11080926508435802 0.18305597579425115 0.00829282241921647 0.022188603126575897
3 0.11581355447526451 0.18633383761976802 0.005719187875321705 0.01664145234493192
3 0.1365456105233057 0.20070600100857286 0.00829282241921647 0.024205748865355523
3 0.8198455819273663 0.7874432677760969 0.014297969688304261 0.02773575390821987
3 0.8136974549613954 0.8212304589006556 0.009436659994280812 0.019667170953101363
3 0.44581069488132685 0.427130610186586 0.008578781812982557 0.031265758951084216
3 0.23434372319130684 0.25895108421583457 0.007148984844152131 0.020675743822491176
3 0.1808693165570489 0.3141704488149269 0.009436659994280812 0.030257186081694403
3 0.15513297111810123 0.33055975794251136 0.010580497569345154 0.028744326777609682
3 0.18229911352587932 0.4178013111447302 0.009436659994280812 0.02773575390821987
3 0.16785816414069202 0.4319213313161876 0.021160995138690308 0.0226928895612708
3 0.1970260223048327 0.45057992939989916 0.018873319988561624 0.019667170953101363
3 0.21661424077780955 0.4616742309631871 0.01858736059479554 0.020675743822491176
3 0.22776665713468688 0.44478063540090773 0.008864741206748641 0.02723146747352496
3 0.2224764083500143 0.4415027735753908 0.008578781812982557 0.025718608169440244
3 0.21547040320274521 0.4362077660110943 0.009436659994280812 0.028240040342914774
3 0.20889333714612526 0.4329299041855774 0.009436659994280812 0.025718608169440244
3 0.2010294538175579 0.42788703983862836 0.008006863025450386 0.026727181038830056
3 0.1953102659422362 0.4248613212304589 0.009722619388046897 0.026727181038830056
3 0.27066056619959966 0.37317196167423095 0.00829282241921647 0.024205748865355523
3 0.2770946525593366 0.3739283913262733 0.008578781812982557 0.024710035300050427
3 0.2823849013440092 0.3794755421079173 0.007720903631684301 0.023701462430660614
3 0.2879611095224478 0.38300554715078167 0.008578781812982557 0.026727181038830056
3 0.2935373177008865 0.3875441250630358 0.00829282241921647 0.024710035300050427
3 0.2995424649699743 0.39107413010590014 0.00829282241921647 0.023701462430660614
3 0.2763797540749214 0.4069591527987897 0.009436659994280812 0.026222894604135148
3 0.27094652559336574 0.402672718103883 0.00829282241921647 0.0226928895612708
3 0.265227337718044 0.39989914271306104 0.00829282241921647 0.025214321734745335
3 0.1614240777809551 0.3356026222894604 0.009436659994280812 0.02773575390821987
3 0.17457820989419504 0.34367120524457895 0.009436659994280812 0.029752899646999495
3 0.19388046897340577 0.32223903177004537 0.009722619388046897 0.026222894604135148
3 0.24406634257935372 0.26903681290973275 0.00657706605661996 0.01664145234493192
3 0.2137546468401487 0.2740796772566818 0.00829282241921647 0.02168431669188099
3 0.20889333714612526 0.2692889561270802 0.007148984844152131 0.020171457387796268
3 0.20431798684586788 0.2670196671709531 0.00657706605661996 0.019667170953101363
3 0.19874177866742923 0.2634896621280888 0.0062911066628538745 0.018658598083711547
3 0.1838718901915928 0.25542107917297024 0.006863025450386045 0.019667170953101363
3 0.17257649413783244 0.248613212304589 0.009436659994280812 0.024205748865355523
3 0.2241921647126108 0.27912254160363087 0.008578781812982557 0.020675743822491176
3 0.22905347440663426 0.28340897629853756 0.0062911066628538745 0.019162884518406455
3 0.23977695167286245 0.2887039838628341 0.007148984844152131 0.019667170953101363
3 0.24949957106090936 0.2700453857791225 0.007720903631684301 0.020675743822491176
3 0.19473834715470403 0.35653050932929903 0.009722619388046897 0.026222894604135148
3 0.25421790105804976 0.2725668179525971 0.006863025450386045 0.019667170953101363
3 0.2590792107520732 0.2766011094301563 0.007434944237918215 0.02168431669188099
3 0.2640835001429797 0.2796268280383258 0.007720903631684301 0.019667170953101363
3 0.2271947383471547 0.3429147755925366 0.010580497569345154 0.02924861321230459
3 0.2336288247068916 0.38073625819465456 0.009722619388046897 0.02924861321230459
3 0.2201887331998856 0.37418053454362077 0.01143837575064341 0.03227433182047403
3 0.21404060623391477 0.36787695410993443 0.00829282241921647 0.024710035300050427
3 0.22033171289676867 0.33913262733232474 0.008864741206748641 0.02773575390821987
3 0.20689162138976266 0.3308119011598588 0.009436659994280812 0.028240040342914774
3 0.2935373177008865 0.4198184568835098 0.008864741206748641 0.025718608169440244
3 0.31055190162996854 0.39863842662632376 0.009150700600514728 0.025718608169440244
3 0.32227623677437806 0.40569843671205247 0.009150700600514728 0.024710035300050427
3 0.40263082642264797 0.4730206757438225 0.006863025450386045 0.02319717599596571
3 0.2903917643694595 0.3250126071608674 0.008864741206748641 0.024710035300050427
3 0.28581641406920216 0.31971759959657087 0.007720903631684301 0.02118003025718608
3 0.28024020589076354 0.31643973777105394 0.008006863025450386 0.023701462430660614
3 0.27194738347154707 0.3129097327281896 0.008578781812982557 0.023701462430660614
3 0.38504432370603375 0.45007564296520425 0.00829282241921647 0.030761472516389308
3 0.3923362882470689 0.4475542107917297 0.009150700600514728 0.030761472516389308
3 0.40091507006005145 0.4427634896621281 0.008006863025450386 0.031265758951084216
3 0.40792107520732057 0.44125063035804335 0.007720903631684301 0.02924861321230459
3 0.4140692021732914 0.4697428139183056 0.0062911066628538745 0.02168431669188099
3 0.39748355733485846 0.475542107917297 0.0062911066628538745 0.02118003025718608
3 0.30540463254217903 0.33358547655068077 0.008578781812982557 0.023701462430660614
3 0.3911924506720046 0.4773071104387292 0.0062911066628538745 0.023701462430660614
3 0.385902201887332 0.47932425617750885 0.00657706605661996 0.0226928895612708
3 0.3736059479553903 0.4851235501765003 0.007148984844152131 0.02723146747352496
3 0.4255075779239348 0.4659606656580938 0.0062911066628538745 0.02118003025718608
3 0.43136974549613954 0.4636913767019667 0.00657706605661996 0.02168431669188099
3 0.43665999428081215 0.462178517397882 0.005719187875321705 0.019667170953101363
3 0.44309408064054906 0.46091780131114474 0.00657706605661996 0.022188603126575897
3 0.4541035173005433 0.4576399394856278 0.006863025450386045 0.023701462430660614
3 0.43136974549613954 0.4324256177508825 0.007720903631684301 0.026727181038830056
3 0.2955390334572491 0.32526475037821484 0.00829282241921647 0.02319717599596571
3 0.29067772376322565 0.2957639939485628 0.007720903631684301 0.02168431669188099
3 0.32828138404346585 0.40897629853756934 0.008006863025450386 0.024205748865355523
3 0.3688876179582499 0.3895612708018154 0.005719187875321705 0.018658598083711547
3 0.3231341149556763 0.4354513363590519 0.008006863025450386 0.023701462430660614
3 0.31727194738347153 0.4314170448814927 0.00829282241921647 0.023701462430660614
3 0.3108378610237346 0.4288956127080182 0.008578781812982557 0.024710035300050427
3 0.3051186731484129 0.4253656076651538 0.008578781812982557 0.023701462430660614
3 0.2992565055762082 0.421583459404942 0.007720903631684301 0.02319717599596571
3 0.4110666285387475 0.37014624306606153 0.00657706605661996 0.02118003025718608
3 0.3889047755218759 0.3769541099344428 0.006863025450386045 0.0226928895612708
3 0.38418644552473546 0.37846696923852746 0.00657706605661996 0.0226928895612708
3 0.3781812982556477 0.3789712556732224 0.007148984844152131 0.023701462430660614
3 0.4409493851873034 0.3751891074130106 0.008006863025450386 0.008068582955118508
3 0.30554761223906207 0.30458900655572363 0.00829282241921647 0.02319717599596571
3 0.3524449528167 0.3608169440242057 0.008864741206748641 0.025718608169440244
3 0.3411495567629397 0.35627836611195157 0.006863025450386045 0.019667170953101363
3 0.3368601658564484 0.35224407463439233 0.008006863025450386 0.02168431669188099
3 0.3318558764655419 0.3482097831568331 0.008864741206748641 0.023701462430660614
3 0.3368601658564484 0.3250126071608674 0.009150700600514728 0.023701462430660614
3 0.3275664855590506 0.31442259203227435 0.008864741206748641 0.023701462430660614
3 0.32127537889619673 0.34316691880988404 0.00829282241921647 0.0226928895612708
3 0.31627108950529026 0.31164901664145234 0.008578781812982557 0.024205748865355523
3 0.3106948813268516 0.30963187090267275 0.00829282241921647 0.02319717599596571
3 0.23934801258221333 0.26298537569339386 0.007434944237918215 0.0226928895612708
3 0.22933943380040034 0.25542107917297024 0.007434944237918215 0.02168431669188099
3 0.8179868458678867 0.8272818961169944 0.011724335144409494 0.024710035300050427
3 0.22404918501572776 0.2526475037821483 0.007148984844152131 0.02118003025718608
3 0.8145553331426937 0.9364599092284418 0.01687160423219903 0.036308623298033284
3 0.8051186731484129 0.93267776096823 0.01915927938232771 0.037821482602118005
3 0.8192736631398342 0.9029248613212305 0.012582213325707749 0.025718608169440244
3 0.8135544752645124 0.8938477054967221 0.012582213325707749 0.026727181038830056
3 0.8002573634543895 0.9253656076651539 0.014583929082070346 0.030257186081694403
3 0.795253074063483 0.9145234493192134 0.015441807263368601 0.03177004538577912
3 0.8079782670860738 0.8880484114977307 0.012868172719473835 0.02723146747352496
3 0.8034029167858164 0.8784669692385275 0.012868172719473835 0.02723146747352496
3 0.7905347440663426 0.9069591527987897 0.014583929082070346 0.030761472516389308
3 0.7838146983128396 0.899899142713061 0.017729482413497283 0.03580433686333838
3 0.7979696883042608 0.8714069591527988 0.013440091507006004 0.028240040342914774
3 0.7912496425507578 0.8628340897629854 0.012010294538175578 0.025214321734745335
3 0.7866742922505005 0.8555219364599093 0.012010294538175578 0.023701462430660614
3 0.7786674292250501 0.8903177004538578 0.015441807263368601 0.03177004538577912
3 0.7732342007434945 0.8832576903681291 0.01486988847583643 0.029752899646999495
3 0.7676579925650557 0.8746848209783157 0.014583929082070346 0.030761472516389308
3 0.7749499571060909 0.843671205244579 0.010294538175579068 0.02118003025718608
3 0.7799542464969974 0.848714069591528 0.011724335144409494 0.025214321734745335
3 0.7565055762081785 0.8603126575895108 0.014583929082070346 0.031265758951084216
3 0.7509293680297398 0.8537569339384771 0.01486988847583643 0.030257186081694403
3 0.7460680583357163 0.8426626323751891 0.01486988847583643 0.028240040342914774
3 0.8295682013154132 0.9112455874936964 0.009722619388046897 0.018154311649016642
3 0.8204175007148985 0.9425113464447806 0.017157563625965114 0.03429147755925366
3 0.822276236774378 0.9853756933938477 0.01687160423219903 0.026222894604135148
3 0.8482985416070918 0.8658598083711548 0.010008578781812983 0.020171457387796268
3 0.8218472976837289 0.8345940494200706 0.012582213325707749 0.02723146747352496
3 0.8297111810122962 0.8020675743822491 0.014583929082070346 0.029752899646999495
3 0.835573348584501 0.8093797276853253 0.01486988847583643 0.031265758951084216
3 0.8397197597941093 0.8197175995965709 0.012296253931941665 0.024710035300050427
3 0.845581927366314 0.8275340393343419 0.010294538175579068 0.022188603126575897
3 0.8498713182728053 0.8330811901159859 0.010866456963111238 0.02118003025718608
3 0.8535887903917644 0.8386283408976298 0.010294538175579068 0.02118003025718608
3 0.8647412067486417 0.8499747856782652 0.009150700600514728 0.019667170953101363
3 0.8437231913068344 0.8605648008068583 0.010008578781812983 0.019667170953101363
3 0.8534458106948813 0.8736762481089259 0.008864741206748641 0.017650025214321734
3 0.8274235058621676 0.9757942511346445 0.023162710895052903 0.03429147755925366
3 0.8374320846439806 0.8535047907211296 0.010008578781812983 0.019667170953101363
3 0.8328567343437232 0.8477054967221381 0.011152416356877323 0.02319717599596571
3 0.8627394909922791 0.8938477054967221 0.01658564483843294 0.02773575390821987
3 0.8714612525021447 0.8714069591527988 0.014583929082070346 0.024205748865355523
3 0.8598798970546182 0.902672718103883 0.009150700600514728 0.014120020171457387
3 0.8462968258507292 0.9344427634896622 0.01915927938232771 0.030257186081694403
3 0.8412925364598227 0.9440242057488654 0.014297969688304261 0.024205748865355523
3 0.8367171861595654 0.9558749369641957 0.020589076351158135 0.03277861825516894
3 0.8309979982842436 0.964952092788704 0.015441807263368601 0.026727181038830056
3 0.755218758936231 0.8103883005547151 0.01315413211323992 0.026222894604135148
3 0.7484987131827281 0.8055975794251135 0.012296253931941665 0.024710035300050427
3 0.7442093222762368 0.7977811396873424 0.012868172719473835 0.02723146747352496
3 0.8886188161281098 0.8378719112455875 0.0174435230197312 0.02773575390821987
3 0.9130683442951101 0.7811396873424105 0.012010294538175578 0.019162884518406455
3 0.8990563340005719 0.765254664649521 0.009150700600514728 0.01664145234493192
3 0.902487846725765 0.8048411497730711 0.017157563625965114 0.028240040342914774
3 0.8990563340005719 0.8174483106404438 0.017157563625965114 0.028240040342914774
3 0.8941950243065485 0.7740796772566818 0.008578781812982557 0.014120020171457387
3 0.8906205318844724 0.7798789712556732 0.012868172719473835 0.02168431669188099
3 0.8879039176436946 0.7876954109934443 0.010866456963111238 0.018154311649016642
3 0.8850443237060337 0.7950075642965204 0.010294538175579068 0.015632879475542108
3 0.8941950243065485 0.8277861825516893 0.019445238776093794 0.030761472516389308
3 0.8711752931083786 0.8222390317700454 0.010008578781812983 0.01664145234493192
3 0.4259365170145839 0.7597075138678769 0.08264226479839863 0.0600100857286939
3 0.8771804403774665 0.8071104387291982 0.012296253931941665 0.020675743822491176
3 0.8817557906777238 0.8023197175995965 0.010008578781812983 0.020171457387796268
3 0.18272805261652844 0.22793746848209784 0.009150700600514728 0.024205748865355523
3 0.19287961109522447 0.23600605143721634 0.007148984844152131 0.02118003025718608
3 0.1983128395767801 0.23827534039334342 0.007148984844152131 0.020675743822491176
3 0.20374606805833573 0.23903177004538578 0.007720903631684301 0.02118003025718608
3 0.2090363168430083 0.24457892082702976 0.0062911066628538745 0.018154311649016642
3 0.21418358593079784 0.24558749369641958 0.007434944237918215 0.02118003025718608
3 0.21904489562482127 0.25063035804336864 0.006863025450386045 0.020171457387796268
3 0.9196454103517301 0.7644982349974786 0.009150700600514728 0.016137165910237016
3 0.45824992851015156 0.7445789208270297 0.05976551329711181 0.0600100857286939
3 0.7390620531884472 0.8386283408976298 0.014012010294538175 0.030257186081694403
3 0.7077494995710609 0.7917297024710035 0.01486988847583643 0.031265758951084216
3 0.7346296825850729 0.8290468986384266 0.012010294538175578 0.025214321734745335
3 0.7293394338004003 0.8207261724659607 0.015155847869602517 0.03177004538577912
3 0.7231913068344296 0.8146747352496218 0.015441807263368601 0.03277861825516894
3 0.7316271089505291 0.7831568330811901 0.011724335144409494 0.024205748865355523
3 0.7127537889619674 0.8018154311649016 0.014583929082070346 0.031265758951084216
3 0.7273377180440378 0.7728189611699445 0.012296253931941665 0.024710035300050427
3 0.7213325707749499 0.7687846696923852 0.00829282241921647 0.018658598083711547
3 0.7171861595653417 0.7617246596066566 0.012010294538175578 0.024710035300050427
3 0.7126108092650844 0.7521432173474534 0.01315413211323992 0.02773575390821987
3 0.7008864741206748 0.786434694906707 0.015441807263368601 0.03580433686333838
3 0.5909350872176151 0.8393847705496722 0.04432370603374321 0.0751386787695411
3 0.6954532456391193 0.7773575390821987 0.01486988847583643 0.030761472516389308
3 0.7021732913926223 0.7440746343923349 0.011724335144409494 0.0226928895612708
3 0.6840148698884758 0.7579425113464447 0.017729482413497283 0.03731719616742309
3 0.7026022304832714 0.946041351487645 0.015441807263368601 0.022188603126575897
3 0.6978839004861309 0.9536056480080686 0.02259079210752073 0.03328290468986384
3 0.6720045753503002 0.9210791729702471 0.017729482413497283 0.029752899646999495
3 0.6764369459536745 0.9122541603630863 0.028309979982842435 0.04639435199193142
4 0.5877895338861882 0.538325769036813 0.030597655132971118 0.04790721129601614
3 0.5949385187303403 0.47327281896116996 0.0174435230197312 0.028744326777609682
4 0.11595653417214756 0.20171457387796268 0.09179296539891335 0.09682299546142209
