4 0.7849462365591398 0.9578450985995999 0.05017921146953405 0.030580165761646183
3 0.09767025089605735 0.09074021148899686 0.007765830346475508 0.007716490425835953
3 0.06869772998805257 0.06801943412403544 0.008363201911589008 0.00685910260074307
3 0.16696535244922342 0.05272935124321235 0.007765830346475508 0.006001714775650186
3 0.19743130227001196 0.05130037153472421 0.007765830346475508 0.006573306659045442
3 0.2001194743130227 0.060160045727350675 0.008363201911589008 0.007716490425835953
3 0.15143369175627241 0.05358673906830523 0.007765830346475508 0.007144898542440698
3 0.17353643966547191 0.07716490425835953 0.007765830346475508 0.00685910260074307
3 0.22192353643966548 0.08373821091740498 0.007765830346475508 0.00800228636753358
3 0.14217443249701314 0.0788796799085453 0.007168458781362007 0.00685910260074307
3 0.14277180406212664 0.10488711060302944 0.008363201911589008 0.007430694484138326
3 0.16218637992831542 0.11346098885395828 0.007765830346475508 0.007430694484138326
3 0.19384707287933095 0.10202915118605316 0.007765830346475508 0.007430694484138326
3 0.2013142174432497 0.10160045727350672 0.008363201911589008 0.007716490425835953
3 0.19563918757467144 0.11131751929122606 0.007765830346475508 0.007144898542440698
3 0.2037037037037037 0.1107459274078308 0.008363201911589008 0.007716490425835953
3 0.22909199522102747 0.11160331523292369 0.007765830346475508 0.008859674192626465
3 0.1977299880525687 0.13046584738496714 0.009557945041816009 0.008288082309231209
3 0.21654719235364397 0.1364675621606173 0.018518518518518517 0.003143755358673907
3 0.11051373954599761 0.0810231494712775 0.008363201911589008 0.007144898542440698
3 0.06750298685782556 0.09259788511003143 0.007168458781362007 0.005715918833952558
3 0.7538829151732378 0.981566161760503 0.02031063321385902 0.014575593026579023
3 0.09438470728793309 0.11760503000857388 0.008363201911589008 0.007716490425835953
3 0.5782556750298686 0.8796799085452986 0.013142174432497013 0.008573878250928837
3 0.5878136200716846 0.8775364389825665 0.014336917562724014 0.00943126607602172
3 0.5955794504181601 0.8766790511574736 0.013142174432497013 0.007716490425835953
3 0.51194743130227 0.7655044298370963 0.015531660692951015 0.00943126607602172
3 0.5244922341696535 0.7613603886824807 0.017921146953405017 0.011431837667905115
3 0.5997610513739546 0.7669334095455844 0.026284348864994027 0.016861960560160046
3 0.6111111111111112 0.7635038582452129 0.019115890083632018 0.012289225492998
3 0.581242532855436 0.8446699056873392 0.013142174432497013 0.008288082309231209
3 0.6018518518518519 0.8626750500142898 0.012544802867383513 0.007716490425835953
3 0.6173835125448028 0.858673906830523 0.014934289127837515 0.00943126607602172
3 0.6332138590203107 0.8546727636467563 0.014336917562724014 0.00943126607602172
4 0.5988649940262843 0.8693912546441841 0.1081242532855436 0.04001143183766791
3 0.6362007168458781 0.8663903972563589 0.014336917562724014 0.010002857959416977
3 0.6439665471923537 0.8651043155187196 0.014336917562724014 0.009145470134324093
3 0.07556750298685783 0.1086024578450986 0.008960573476702509 0.00800228636753358
3 0.06063321385902031 0.11917690768791084 0.006571087216248507 0.007430694484138326
3 0.07825567502986858 0.11846241783366676 0.008363201911589008 0.007716490425835953
3 0.1472520908004779 0.13203772506430408 0.01015531660692951 0.00800228636753358
3 0.0967741935483871 0.13503858245212919 0.008363201911589008 0.008288082309231209
3 0.07974910394265233 0.1361817662189197 0.008960573476702509 0.007144898542440698
3 0.07138590203106332 0.13675335810231495 0.006571087216248507 0.007716490425835953
3 0.18787335722819593 0.19548442412117747 0.007765830346475508 0.00685910260074307
3 0.17712066905615292 0.196627607887968 0.006571087216248507 0.00800228636753358
3 0.19086021505376344 0.2069162617890826 0.007765830346475508 0.009145470134324093
3 0.18010752688172044 0.20734495570162903 0.008960573476702509 0.010002857959416977
3 0.16666666666666666 0.19619891397542155 0.009557945041816009 0.00943126607602172
3 0.15591397849462366 0.19648470991711917 0.007168458781362007 0.00943126607602172
3 0.1591995221027479 0.20834524149757072 0.007765830346475508 0.00800228636753358
3 0.14874551971326164 0.20891683338096598 0.009557945041816009 0.010288653901114605
3 0.14635603345280765 0.1967705058588168 0.007168458781362007 0.008288082309231209
3 0.13918757467144563 0.21063160903115175 0.008363201911589008 0.009145470134324093
3 0.13530465949820789 0.19734209774221206 0.008960573476702509 0.008859674192626465
3 0.12903225806451613 0.21034581308945413 0.009557945041816009 0.009145470134324093
3 0.11768219832735961 0.21063160903115175 0.008363201911589008 0.008573878250928837
3 0.1081242532855436 0.21077450700200057 0.009557945041816009 0.00943126607602172
3 0.09826762246117085 0.21177479279794226 0.008960573476702509 0.009145470134324093
3 0.0884109916367981 0.21334667047727923 0.009557945041816009 0.011146041726207487
3 0.09498207885304659 0.1997713632466419 0.007168458781362007 0.00800228636753358
3 0.19743130227001196 0.19405544441268935 0.007765830346475508 0.008573878250928837
3 0.2001194743130227 0.20677336381823377 0.008363201911589008 0.008288082309231209
3 0.21057347670250895 0.2047727922263504 0.007765830346475508 0.008859674192626465
3 0.16069295101553166 0.17162046298942554 0.008363201911589008 0.008288082309231209
3 0.06212664277180406 0.1373249499857102 0.009557945041816009 0.008859674192626465
3 0.04420549581839905 0.16776221777650757 0.009557945041816009 0.00685910260074307
3 0.10454002389486261 0.16719062589311232 0.016726403823178016 0.00400114318376679
3 0.03643966547192354 0.1794798513861103 0.008363201911589008 0.009145470134324093
3 0.05913978494623656 0.17905115747356387 0.008363201911589008 0.008288082309231209
3 0.06869772998805257 0.17905115747356387 0.008363201911589008 0.00943126607602172
3 0.1400836320191159 0.17362103458130895 0.006571087216248507 0.008288082309231209
3 0.18996415770609318 0.17076307516433267 0.009557945041816009 0.008288082309231209
3 0.25507765830346474 0.2132037725064304 0.009557945041816009 0.008573878250928837
3 0.2025089605734767 0.17033438125178624 0.008363201911589008 0.009145470134324093
3 0.24193548387096775 0.16676193198056588 0.009557945041816009 0.008859674192626465
3 0.25 0.19205487282080594 0.007765830346475508 0.00685910260074307
3 0.23745519713261648 0.19219777079165476 0.006571087216248507 0.007144898542440698
3 0.2174432497013142 0.19291226064589884 0.008363201911589008 0.008573878250928837
3 0.2302867383512545 0.20320091454701344 0.01015531660692951 0.009145470134324093
3 0.22043010752688172 0.2047727922263504 0.007168458781362007 0.007716490425835953
3 0.5719832735961768 0.8823949699914261 0.016129032258064516 0.010002857959416977
3 0.5612305854241338 0.8852529294084024 0.012544802867383513 0.007716490425835953
3 0.5943847072879331 0.8651043155187196 0.011947431302270013 0.008573878250928837
3 0.47192353643966545 0.7159188339525578 0.02031063321385902 0.01371820520148614
4 0.07974910394265233 0.013575307230637325 0.012544802867383513 0.02600743069448414
4 0.11021505376344086 0.012575021434695627 0.012544802867383513 0.025150042869391254
4 0.14127837514934288 0.012003429551300371 0.012544802867383513 0.024006859102600742
4 0.022401433691756272 0.03972563589597028 0.04121863799283154 0.07716490425835953
11 0.22102747909199522 0.5794512717919406 0.07048984468339307 0.028293798228065162
3 0.35633213859020313 0.534581308945413 0.04241338112305854 0.026579022577879394
3 0.38530465949820786 0.5567304944269791 0.027479091995221028 0.017147756501857674
3 0.41188769414575865 0.5797370677336382 0.031660692951015534 0.019719919977136326
3 0.43608124253285546 0.6024578450985996 0.04420549581839905 0.02743641040297228
3 0.5122461170848268 0.619034009717062 0.03882915173237754 0.01371820520148614
3 0.4044205495818399 0.6791940554444127 0.03225806451612903 0.012289225492998
3 0.37664277180406214 0.7213489568448128 0.022102747909199524 0.014289797084881395
3 0.3918757467144564 0.7210631609031152 0.015531660692951015 0.009717062017719349
3 0.40412186379928317 0.7317805087167762 0.017323775388291517 0.010574449842812233
3 0.4121863799283154 0.728065161474707 0.014336917562724014 0.008859674192626465
3 0.43608124253285546 0.723492426407545 0.015531660692951015 0.00943126607602172
3 0.4483273596176822 0.7189196913403829 0.013739545997610514 0.008859674192626465
4 0.38321385902031063 0.6803372392112031 0.09020310633213859 0.025435838811088882
4 0.4274193548387097 0.7176336096027437 0.11290322580645161 0.04458416690482995
4 0.6009557945041816 0.6954844241211775 0.17562724014336917 0.06544727064875679
4 0.6789127837514934 0.9465561589025436 0.0913978494623656 0.03086596170334381
4 0.13679808841099164 0.08345241497570735 0.17562724014336917 0.028008002286367534
4 0.13620071684587814 0.10945984567019149 0.18996415770609318 0.02857959416976279
4 0.13291517323775387 0.13489568448128036 0.20967741935483872 0.023435267219205486
4 0.1424731182795699 0.16776221777650757 0.2108721624850657 0.033152329236924835
4 0.15113500597371565 0.2026293226636182 0.21027479091995221 0.03429551300371535
4 0.1597968936678614 0.23921120320091455 0.2132616487455197 0.03715347242069163
4 0.17234169653524492 0.2840811660474421 0.2120669056152927 0.04001143183766791
4 0.8431899641577061 0.9284081166047442 0.11290322580645161 0.03343812517862246
4 0.48028673835125446 0.7643612460703058 0.1135005973715651 0.04486996284652758
4 0.8189964157706093 0.8859674192626464 0.17323775388291518 0.06344669905687339
4 0.6556152927120669 0.9189768505287225 0.09976105137395459 0.03286653329522721
4 0.6293309438470729 0.895541583309517 0.10454002389486261 0.03858245212917977
4 0.744026284348865 0.8212346384681337 0.17264038231780168 0.06030294369819949
4 0.568100358422939 0.8410974564161189 0.10513739545997611 0.03772506430408688
4 0.6726403823178017 0.7577879394112603 0.17084826762246116 0.05973135181480423
4 0.5292712066905615 0.8065161474707059 0.1027479091995221 0.03543869677050586
3 0.4584826762246117 0.7182052014861389 0.016129032258064516 0.010288653901114605
3 0.4805854241338112 0.7124892826521864 0.014934289127837515 0.009145470134324093
3 0.5624253285543608 0.8722492140611603 0.014934289127837515 0.009145470134324093
3 0.46624850657108724 0.7002000571591883 0.013739545997610514 0.008573878250928837
3 0.5418160095579451 0.8009431266076021 0.015531660692951015 0.008859674192626465
3 0.551373954599761 0.7992283509574164 0.015531660692951015 0.00943126607602172
3 0.5594384707287933 0.7930837382109174 0.025686977299880526 0.01600457273506716
3 0.572879330943847 0.7932266361817663 0.015531660692951015 0.00943126607602172
3 0.5206093189964157 0.8482423549585596 0.013739545997610514 0.008573878250928837
3 0.5319593787335722 0.8452414975707345 0.014934289127837515 0.00943126607602172
3 0.5391278375149343 0.8436696198913975 0.012544802867383513 0.008573878250928837
3 0.5474910394265233 0.8413832523578165 0.014934289127837515 0.009145470134324093
3 0.5543608124253285 0.8393826807659331 0.014336917562724014 0.009145470134324093
3 0.5630227001194743 0.8373821091740498 0.014934289127837515 0.009145470134324093
3 0.5689964157706093 0.834095455844527 0.014934289127837515 0.010002857959416977
3 0.5785543608124253 0.8330951700485854 0.014934289127837515 0.009145470134324093
3 0.5949820788530465 0.8290940268648185 0.014336917562724014 0.009145470134324093
3 0.6114097968936678 0.8358102314947128 0.013739545997610514 0.008859674192626465
3 0.5887096774193549 0.8418119462703629 0.012544802867383513 0.007716490425835953
3 0.557347670250896 0.8496713346670477 0.013142174432497013 0.00800228636753358
3 0.5501792114695341 0.874821377536439 0.014336917562724014 0.008573878250928837
3 0.5289725209080047 0.8040868819662761 0.017323775388291517 0.010574449842812233
3 0.517921146953405 0.8060874535581595 0.021505376344086023 0.013432409259788511
3 0.5065710872162486 0.8098028008002286 0.016726403823178016 0.010574449842812233
3 0.49731182795698925 0.7513575307230638 0.01971326164874552 0.013146613318090883
3 0.45698924731182794 0.7026293226636182 0.017921146953405017 0.011717633609602743
3 0.4453405017921147 0.7070591597599314 0.014934289127837515 0.009145470134324093
3 0.43189964157706096 0.7693626750500143 0.016726403823178016 0.011431837667905115
3 0.44384707287933095 0.7660760217204916 0.019115890083632018 0.012289225492998
3 0.45280764635603343 0.7627893683909689 0.019115890083632018 0.012003429551300371
3 0.47610513739545995 0.7583595312946556 0.016726403823178016 0.010002857959416977
3 0.4886499402628435 0.75421549014004 0.015531660692951015 0.009145470134324093
3 0.5116487455197133 0.7490711631894827 0.013739545997610514 0.008573878250928837
3 0.5164277180406213 0.8192340668762503 0.026881720430107527 0.00943126607602172
3 0.521505376344086 0.7482137753643898 0.014336917562724014 0.009145470134324093
3 0.4495221027479092 0.7843669619891398 0.025686977299880526 0.016861960560160046
3 0.48028673835125446 0.7725064304086882 0.016726403823178016 0.011431837667905115
3 0.4886499402628435 0.7695055730208631 0.017921146953405017 0.011146041726207487
3 0.5020908004778972 0.7667905115747357 0.016129032258064516 0.010860245784509859
3 0.5 0.8145184338382395 0.013142174432497013 0.00800228636753358
3 0.4838709677419355 0.8152329236924836 0.017921146953405017 0.012289225492998
3 0.08482676224611709 0.20034295513003716 0.008363201911589008 0.008573878250928837
3 0.07437275985663082 0.20091454701343242 0.007765830346475508 0.00800228636753358
3 0.06541218637992832 0.20234352672192055 0.007765830346475508 0.009145470134324093
3 0.581242532855436 0.9022577879394112 0.014336917562724014 0.008573878250928837
3 0.6433691756272402 0.9299799942840812 0.03225806451612903 0.012003429551300371
3 0.6845878136200717 0.9188339525578737 0.03345280764635603 0.010860245784509859
3 0.6774193548387096 0.9115461560445842 0.014336917562724014 0.00943126607602172
3 0.6923536439665472 0.9079737067733639 0.014336917562724014 0.008573878250928837
3 0.6606929510155317 0.916261789082595 0.013142174432497013 0.00800228636753358
3 0.6451612903225806 0.9195484424121178 0.014336917562724014 0.008859674192626465
3 0.6099163679808841 0.9281223206630466 0.014336917562724014 0.00943126607602172
3 0.6723416965352449 0.8896827665047157 0.013739545997610514 0.00800228636753358
3 0.6553166069295101 0.8828236639039726 0.014336917562724014 0.009145470134324093
3 0.6463560334528077 0.8849671334667047 0.013142174432497013 0.008859674192626465
3 0.6308243727598566 0.8889682766504715 0.014336917562724014 0.008859674192626465
3 0.6338112305854241 0.8993998285224349 0.013142174432497013 0.00800228636753358
3 0.6251493428912783 0.9015432980851672 0.011350059737156512 0.007144898542440698
3 0.6173835125448028 0.9038296656187482 0.013739545997610514 0.008859674192626465
3 0.6075268817204301 0.8948270934552729 0.016726403823178016 0.009717062017719349
3 0.6090203106332138 0.9054015432980852 0.013739545997610514 0.009145470134324093
3 0.6021505376344086 0.9076879108316662 0.014336917562724014 0.008573878250928837
3 0.6388888888888888 0.9529865675907402 0.016129032258064516 0.010574449842812233
3 0.6508363201911589 0.9519862817947985 0.016129032258064516 0.010288653901114605
3 0.6591995221027479 0.9502715061446128 0.013739545997610514 0.008573878250928837
3 0.8721624850657109 0.8582452129179766 0.025089605734767026 0.015432980851671906
3 0.8321385902031063 0.8689625607316376 0.019115890083632018 0.012289225492998
3 0.8494623655913979 0.8659617033438125 0.02031063321385902 0.013146613318090883
3 0.8575268817204301 0.862532152043441 0.018518518518518517 0.011431837667905115
3 0.8476702508960573 0.883252357816519 0.017921146953405017 0.011717633609602743
3 0.8652927120669056 0.8805372963703916 0.023297491039426525 0.014289797084881395
3 0.8739545997610514 0.8765361531866247 0.017921146953405017 0.011431837667905115
3 0.8912783751493429 0.8741068876821949 0.019115890083632018 0.012289225492998
3 0.8876941457586619 0.9135467276364676 0.016726403823178016 0.006001714775650186
3 0.6675627240143369 0.9481280365818805 0.013739545997610514 0.00943126607602172
3 0.8467741935483871 0.9229779937124892 0.05316606929510155 0.018005144326950558
3 0.8473715651135006 0.917833666761932 0.018518518518518517 0.006573306659045442
3 0.696236559139785 0.9504144041154615 0.022102747909199524 0.008288082309231209
3 0.6630824372759857 0.9587024864246928 0.03225806451612903 0.010574449842812233
3 0.706989247311828 0.9376964847099171 0.017323775388291517 0.010288653901114605
3 0.7001194743130227 0.9399828522434981 0.014336917562724014 0.008573878250928837
3 0.6747311827956989 0.9452700771649043 0.017323775388291517 0.011146041726207487
3 0.5922939068100358 0.912403543869677 0.014934289127837515 0.00943126607602172
3 0.5991636798088411 0.8972563589597028 0.014336917562724014 0.008859674192626465
3 0.839605734767025 0.8881108888253787 0.024492234169653525 0.016861960560160046
3 0.6379928315412187 0.6564732780794512 0.04062126642771804 0.025150042869391254
3 0.472520908004779 0.2609316947699343 0.019115890083632018 0.004572735067162046
3 0.4722222222222222 0.26779079737067735 0.008960573476702509 0.00685910260074307
3 0.46654719235364395 0.27007716490425837 0.007168458781362007 0.00800228636753358
3 0.4537037037037037 0.2706487567876536 0.006571087216248507 0.007430694484138326
3 0.44802867383512546 0.26936267505001427 0.009557945041816009 0.007716490425835953
3 0.4507168458781362 0.26293226636181766 0.017323775388291517 0.00400114318376679
3 0.4393667861409797 0.2579308373821092 0.017323775388291517 0.004858531008859674
3 0.43757467144563916 0.2550728779651329 0.014934289127837515 0.004286939125464418
3 0.4348864994026284 0.2520720205773078 0.014336917562724014 0.00400114318376679
3 0.43130227001194743 0.24935695913118033 0.015531660692951015 0.003715347242069163
3 0.38500597371565115 0.25107173478136613 0.01015531660692951 0.007716490425835953
3 0.3888888888888889 0.2630751643326665 0.010752688172043012 0.008859674192626465
3 0.3978494623655914 0.2620748785367248 0.009557945041816009 0.009145470134324093
3 0.4044205495818399 0.26078879679908545 0.009557945041816009 0.00943126607602172
3 0.483273596176822 0.27722206344669903 0.014336917562724014 0.00400114318376679
3 0.48357228195937874 0.28022292083452416 0.014934289127837515 0.004286939125464418
3 0.483273596176822 0.28322377822234923 0.017921146953405017 0.004572735067162046
3 0.472520908004779 0.2577879394112604 0.017921146953405017 0.00400114318376679
3 0.470131421744325 0.2549299799942841 0.015531660692951015 0.00400114318376679
3 0.46624850657108724 0.2525007144898542 0.016129032258064516 0.004858531008859674
3 0.5579450418160096 0.6901971991997714 0.043010752688172046 0.026293226636181766
3 0.6493428912783752 0.6757645041440411 0.015531660692951015 0.010002857959416977
3 0.6350059737156512 0.6763360960274364 0.022700119474313024 0.014004001143183767
3 0.6146953405017921 0.6749071163189483 0.035842293906810034 0.023721063160903114
3 0.5973715651135006 0.679765647327808 0.03464755077658303 0.022006287510717346
3 0.5884109916367981 0.6876250357244927 0.02031063321385902 0.01371820520148614
3 0.5952807646356033 0.708916833380966 0.026881720430107527 0.01914832809374107
3 0.5654121863799283 0.7159188339525578 0.031660692951015534 0.021148899685624466
3 0.540621266427718 0.6956273220920263 0.03464755077658303 0.024006859102600742
3 0.4638590203106332 0.24964275507287798 0.018518518518518517 0.004858531008859674
3 0.4274193548387097 0.23621034581308945 0.022102747909199524 0.0054301228922549296
3 0.4578853046594982 0.2364961417547871 0.01971326164874552 0.004858531008859674
3 0.42353643966547194 0.23049442697913688 0.017921146953405017 0.004286939125464418
3 0.4486260454002389 0.22606458988282366 0.016726403823178016 0.004572735067162046
3 0.4489247311827957 0.22906544727064876 0.014934289127837515 0.004286939125464418
3 0.45669056152927123 0.2336381823378108 0.013739545997610514 0.003715347242069163
3 0.46296296296296297 0.24664189768505287 0.02031063321385902 0.005715918833952558
3 0.8240740740740741 0.8723921120320092 0.01971326164874552 0.014004001143183767
3 0.7819593787335722 0.883252357816519 0.02031063321385902 0.012860817376393255
3 0.06899641577060932 0.2139182623606745 0.007765830346475508 0.008288082309231209
3 0.08900836320191159 0.2809374106887682 0.010752688172043012 0.010288653901114605
3 0.2541816009557945 0.22977993712489284 0.014934289127837515 0.004572735067162046
3 0.23088410991636799 0.23849671334667047 0.008960573476702509 0.008288082309231209
3 0.22729988052568698 0.2727922263503858 0.008960573476702509 0.010574449842812233
3 0.2168458781362007 0.2745070020005716 0.009557945041816009 0.008288082309231209
3 0.20280764635603346 0.2743641040297228 0.01015531660692951 0.009717062017719349
3 0.19265232974910393 0.27579308373821093 0.008960573476702509 0.009717062017719349
3 0.1774193548387097 0.27636467562160616 0.011947431302270013 0.012575021434695627
3 0.18040621266427717 0.2907973706773364 0.010752688172043012 0.011717633609602743
3 0.16845878136200718 0.29251214632752215 0.014336917562724014 0.014575593026579023
3 0.16606929510155316 0.27693626750500144 0.010752688172043012 0.010288653901114605
3 0.1520310633213859 0.2777936553300943 0.01015531660692951 0.012003429551300371
3 0.14068100358422939 0.27850814518433836 0.011350059737156512 0.011717633609602743
3 0.13142174432497014 0.29451271791940553 0.010752688172043012 0.011146041726207487
3 0.1556152927120669 0.2922263503858245 0.011350059737156512 0.011717633609602743
3 0.08124253285543608 0.2993712489282652 0.013142174432497013 0.016861960560160046
3 0.06511350059737156 0.2970848813946842 0.013142174432497013 0.016861960560160046
3 0.06272401433691756 0.28136610460131467 0.010752688172043012 0.010574449842812233
3 0.21505376344086022 0.22877965132895112 0.008363201911589008 0.008859674192626465
3 0.20579450418160095 0.22906544727064876 0.007765830346475508 0.008288082309231209
3 0.19444444444444445 0.24435553015147185 0.012544802867383513 0.01371820520148614
3 0.10543608124253286 0.24907116318948272 0.013739545997610514 0.012860817376393255
3 0.045997610513739545 0.215061446127465 0.008363201911589008 0.00943126607602172
3 0.043010752688172046 0.20305801657616462 0.009557945041816009 0.00943126607602172
3 0.053464755077658306 0.2512146327522149 0.014934289127837515 0.015432980851671906
3 0.08064516129032258 0.250357244927122 0.011947431302270013 0.013146613318090883
3 0.07885304659498207 0.23635324378393827 0.007168458781362007 0.008573878250928837
3 0.0884109916367981 0.2366390397256359 0.009557945041816009 0.00800228636753358
3 0.10304659498207885 0.23506716204629893 0.008960573476702509 0.010002857959416977
3 0.11738351254480286 0.24864246927693626 0.01015531660692951 0.011431837667905115
3 0.1827956989247312 0.24449842812232067 0.011947431302270013 0.014004001143183767
3 0.11320191158900836 0.23378108030865963 0.008960573476702509 0.010288653901114605
3 0.13201911589008364 0.24721348956844813 0.011947431302270013 0.012003429551300371
3 0.1448626045400239 0.2469276936267505 0.012544802867383513 0.01371820520148614
3 0.13918757467144563 0.23306659045441555 0.010752688172043012 0.00943126607602172
3 0.15531660692951016 0.23335238639611317 0.008363201911589008 0.007144898542440698
3 0.15710872162485065 0.24578450985995998 0.008363201911589008 0.010288653901114605
3 0.17980884109916367 0.23092312089168335 0.008363201911589008 0.008573878250928837
3 0.07556750298685783 0.28108030865961703 0.01015531660692951 0.011146041726207487
3 0.10065710872162485 0.280365818805373 0.01015531660692951 0.011431837667905115
3 0.7694145758661888 0.8841097456416119 0.026284348864994027 0.01629036867676479
3 0.6783154121863799 0.6916261789082595 0.03643966547192354 0.024578450985996
3 0.7270011947431302 0.8352386396113175 0.016726403823178016 0.012289225492998
3 0.7449223416965353 0.8323806801943412 0.025089605734767026 0.01629036867676479
3 0.727299880525687 0.8168048013718205 0.022102747909199524 0.01371820520148614
3 0.7386499402628435 0.8148042297799372 0.022102747909199524 0.01371820520148614
3 0.7532855436081243 0.8108030865961703 0.019115890083632018 0.01371820520148614
3 0.7613500597371565 0.80723063732495 0.02090800477897252 0.013432409259788511
3 0.7792712066905615 0.8028008002286368 0.017323775388291517 0.010860245784509859
3 0.7792712066905615 0.8220920262932266 0.02090800477897252 0.014004001143183767
3 0.7948028673835126 0.8173763932552158 0.01971326164874552 0.013146613318090883
3 0.8210872162485066 0.8123749642755073 0.02090800477897252 0.013432409259788511
3 0.8043608124253285 0.7970848813946841 0.018518518518518517 0.011431837667905115
3 0.7894265232974911 0.8012289225492998 0.02090800477897252 0.013432409259788511
3 0.7425328554360813 0.8892540725921692 0.02867383512544803 0.019719919977136326
3 0.7634408602150538 0.9072592169191197 0.026284348864994027 0.0174335524435553
3 0.771505376344086 0.9034009717062018 0.01971326164874552 0.012575021434695627
3 0.7870370370370371 0.8986853386681909 0.02090800477897252 0.013432409259788511
3 0.7998805256869773 0.8979708488139468 0.023894862604540025 0.015432980851671906
3 0.7171445639187575 0.8376679051157474 0.01971326164874552 0.012575021434695627
3 0.7013142174432497 0.8409545584452701 0.019115890083632018 0.012860817376393255
3 0.6935483870967742 0.8452414975707345 0.026284348864994027 0.01629036867676479
3 0.6944444444444444 0.7596456130322949 0.01971326164874552 0.012575021434695627
3 0.6529271206690561 0.6937696484709918 0.027479091995221028 0.018576736210345814
3 0.6373954599761051 0.6964847099171192 0.025089605734767026 0.015432980851671906
3 0.6789127837514934 0.7462132037725064 0.022102747909199524 0.014289797084881395
3 0.7219235364396654 0.7550728779651329 0.026881720430107527 0.016576164618462418
3 0.7278972520908005 0.7320663046584739 0.024492234169653525 0.01629036867676479
3 0.7144563918757467 0.7362103458130894 0.023894862604540025 0.015432980851671906
3 0.705794504181601 0.7399256930551587 0.02090800477897252 0.01371820520148614
3 0.6568100358422939 0.7720777364961418 0.02927120669056153 0.016861960560160046
3 0.7096774193548387 0.820234352672192 0.021505376344086023 0.014861388968276651
3 0.6427718040621266 0.772649328379537 0.021505376344086023 0.014004001143183767
3 0.6275388291517324 0.7776507573592455 0.018518518518518517 0.013146613318090883
3 0.6272401433691757 0.7592169191197485 0.02031063321385902 0.014004001143183767
3 0.6367980884109916 0.7560731637610746 0.025089605734767026 0.016861960560160046
3 0.6768219832735962 0.8300943126607602 0.022700119474313024 0.014575593026579023
3 0.6842891278375149 0.8242354958559589 0.03524492234169654 0.021148899685624466
3 0.6998207885304659 0.8229494141183196 0.025686977299880526 0.015718776793369534
4 0.13918757467144563 0.05887396398971135 0.16009557945041816 0.02572163475278651
