3 0.7071550985432733 0.5260298777727479 0.014995715509854327 0.023540063377093707
3 0.6859468723221936 0.44545043005885016 0.010282776349614395 0.014486192847442281
3 0.2609254498714653 0.7451335445903123 0.021422450728363324 0.03078315980081485
3 0.2712082262210797 0.7378904481665912 0.02056555269922879 0.029877772747849706
3 0.2819194515852613 0.734495246717972 0.021422450728363324 0.03214124038026256
3 0.2934875749785775 0.7274784970574921 0.016281062553556127 0.022634676324128564
3 0.31319622964867183 0.7141240380262562 0.017994858611825194 0.02489814395654142
3 0.2994858611825193 0.6846989588048891 0.016281062553556127 0.02399275690357628
3 0.32240788346186805 0.7077863286555002 0.02099400171379606 0.033952014486192846
3 0.3138389031705227 0.7937980986871888 0.02699228791773779 0.02127659574468085
3 0.3395458440445587 0.7795382526029878 0.022707797772065125 0.017202354006337708
3 0.32840616966580977 0.7992304210049797 0.017566409597257925 0.01403349932095971
3 0.3125535561268209 0.8066998641919421 0.015852613538988862 0.012675418741511997
3 0.2977720651242502 0.8153010411951109 0.012853470437017995 0.009959257582616569
3 0.28449014567266495 0.8232231779085559 0.01456726649528706 0.01041195110909914
3 0.2907026563838903 0.8094160253508375 0.013281919451585262 0.009959257582616569
3 0.2750642673521851 0.817790855590765 0.012853470437017995 0.01041195110909914
3 0.2712082262210797 0.8300135808057945 0.011139674378748929 0.009506564056133997
3 0.26135389888603255 0.8390674513354459 0.00856898029134533 0.013128112267994568
3 0.24528706083976007 0.8433680398370303 0.011568123393316195 0.009959257582616569
3 0.22836332476435303 0.8528746038931643 0.012853470437017995 0.010864644635581712
3 0.2345758354755784 0.858985966500679 0.00985432733504713 0.008601177003168854
3 0.21122536418166238 0.8626075147125396 0.011139674378748929 0.009506564056133997
3 0.22729220222793486 0.7600724309642373 0.017566409597257925 0.027161611588954276
3 0.2384318766066838 0.7559981892258941 0.01842330762639246 0.029877772747849706
3 0.22300771208226222 0.7254413761883205 0.017566409597257925 0.026708918062471707
3 0.2015852613538989 0.6595744680851063 0.016709511568123392 0.025350837483023993
3 0.2275064267352185 0.6104572204617474 0.011996572407883462 0.015844273426889995
3 0.22065124250214224 0.6152105024898143 0.012853470437017995 0.019918515165233137
3 0.21401028277634962 0.618832050701675 0.011568123393316195 0.017202354006337708
3 0.20715509854327335 0.6231326392032593 0.012425021422450729 0.01765504753282028
3 0.20008568980291344 0.6274332277048438 0.012853470437017995 0.019013128112267994
3 0.258783204798629 0.6242643730194658 0.012853470437017995 0.01810774105930285
3 0.22557840616966582 0.6419194205522861 0.015852613538988862 0.02444545043005885
3 0.21722365038560412 0.6478044363965595 0.01456726649528706 0.022634676324128564
3 0.20972579263067695 0.6518786781349026 0.014995715509854327 0.022634676324128564
3 0.19387317909168808 0.6303757356269806 0.013281919451585262 0.020371208691715707
3 0.2320051413881748 0.7220461747397012 0.01842330762639246 0.027161611588954276
3 0.17930591259640102 0.6371661385242191 0.012425021422450729 0.018560434585785424
3 0.26735218508997427 0.6201901312811227 0.016281062553556127 0.022634676324128564
3 0.2763496143958869 0.6152105024898143 0.016281062553556127 0.02444545043005885
3 0.2746358183376178 0.6971480307831598 0.018851756640959727 0.028972385694884563
3 0.28213367609254497 0.6933001358080579 0.016709511568123392 0.026708918062471707
3 0.2911311053984576 0.6887732005432322 0.019280205655526992 0.028519692168401993
3 0.25814053127677805 0.7086917157084653 0.015852613538988862 0.02399275690357628
3 0.24850042844901457 0.7125396106835672 0.017994858611825194 0.026256224535989137
3 0.2403598971722365 0.7166138524219103 0.015424164524421594 0.02444545043005885
3 0.21700942587832048 0.8689452240832957 0.00985432733504713 0.008601177003168854
3 0.2035132819194516 0.8768673607967407 0.011996572407883462 0.009959257582616569
3 0.1887317909168809 0.8852421910366681 0.012425021422450729 0.01041195110909914
3 0.38431876606683807 0.5239927569035763 0.011139674378748929 0.015844273426889995
3 0.34061696658097684 0.490493435943866 0.010282776349614395 0.01403349932095971
3 0.34790059982862037 0.4855138071525577 0.01456726649528706 0.019465821638750568
3 0.3543273350471294 0.48143956541421457 0.012853470437017995 0.018560434585785424
3 0.3616109682947729 0.479402444545043 0.011139674378748929 0.015391579900407425
3 0.3684661525278492 0.47487550928021727 0.013710368466152529 0.019918515165233137
3 0.37532133676092544 0.46831145314622 0.013710368466152529 0.018560434585785424
3 0.4104541559554413 0.46899049343594384 0.013710368466152529 0.019918515165233137
3 0.4027420736932305 0.5208239022181983 0.02570694087403599 0.03757356269805342
3 0.3916023993144816 0.520597555454957 0.011996572407883462 0.016296966953372568
3 0.39524421593830333 0.5500226346763242 0.014995715509854327 0.022634676324128564
3 0.29841473864610113 0.4950203712086917 0.013281919451585262 0.01041195110909914
3 0.38624678663239076 0.5540968764146673 0.016709511568123392 0.02444545043005885
3 0.37703513281919454 0.5282933454051607 0.01456726649528706 0.019013128112267994
3 0.3703941730934019 0.5319148936170213 0.011568123393316195 0.017202354006337708
3 0.37853470437017994 0.5581711181530105 0.015852613538988862 0.023540063377093707
3 0.3635389888603256 0.5672249886826618 0.017566409597257925 0.026256224535989137
3 0.3628963153384747 0.5373472159348122 0.01456726649528706 0.021729289271163424
3 0.35625535561268207 0.539610683567225 0.013281919451585262 0.019013128112267994
3 0.34747215081405314 0.576052512449072 0.015424164524421594 0.022181982797645994
3 0.3384747215081405 0.5796740606609325 0.015424164524421594 0.022181982797645994
3 0.3337617823479006 0.4941149841557266 0.013710368466152529 0.019465821638750568
3 0.3202656383890317 0.5024898143956541 0.012425021422450729 0.017202354006337708
3 0.3459725792630677 0.7890448166591217 0.01842330762639246 0.014486192847442281
3 0.47707797772065125 0.7050701674966048 0.012425021422450729 0.009506564056133997
3 0.3635389888603256 0.7795382526029878 0.01842330762639246 0.014486192847442281
3 0.380248500428449 0.7693526482571299 0.017566409597257925 0.013128112267994568
3 0.36053984575835474 0.7702580353100951 0.012425021422450729 0.01041195110909914
3 0.3783204798628963 0.7589406971480308 0.02056555269922879 0.015844273426889995
3 0.41281062553556125 0.7514712539610684 0.019280205655526992 0.014486192847442281
3 0.4303770351328192 0.7412856496152105 0.015852613538988862 0.009506564056133997
3 0.4464438731790917 0.7324581258488003 0.013710368466152529 0.011770031688546853
3 0.46358183376178236 0.7240832956088727 0.018851756640959727 0.015844273426889995
3 0.44794344473007713 0.7191036668175645 0.02699228791773779 0.020371208691715707
3 0.47900599828620394 0.7143503847894975 0.015424164524421594 0.012675418741511997
3 0.31276778063410454 0.5054323223177909 0.013710368466152529 0.020371208691715707
3 0.495929734361611 0.7046174739701222 0.015852613538988862 0.012222725215029425
3 0.5124250214224507 0.6962426437301946 0.016281062553556127 0.012675418741511997
3 0.5179948586118251 0.6810774105930285 0.023993144815766924 0.016749660479855138
3 0.5289203084832905 0.6867360796740607 0.014995715509854327 0.013580805794477138
3 0.544344473007712 0.6659121774558624 0.02699228791773779 0.019918515165233137
3 0.5488431876606684 0.6749660479855139 0.011139674378748929 0.009053870529651425
3 0.5614824335904027 0.6693073789044817 0.01842330762639246 0.014938886373924853
3 0.5786203941730934 0.6600271616115889 0.019280205655526992 0.015391579900407425
3 0.30569837189374466 0.509506564056134 0.011568123393316195 0.015844273426889995
3 0.23543273350471294 0.6075147125396106 0.012425021422450729 0.01810774105930285
3 0.24078834618680378 0.6027614305115437 0.013710368466152529 0.018560434585785424
3 0.25492716366752355 0.5968764146672703 0.01456726649528706 0.020371208691715707
3 0.05141388174807198 0.28157537347215933 0.00856898029134533 0.021729289271163424
3 0.14974293059125965 0.19284744228157538 0.011568123393316195 0.019013128112267994
3 0.16131105398457585 0.18854685377999095 0.012425021422450729 0.02127659574468085
3 0.17373607540702657 0.18515165233137165 0.015852613538988862 0.02806699864191942
3 0.1861610968294773 0.18039837030330466 0.011568123393316195 0.018560434585785424
3 0.1977292202227935 0.17406066093254866 0.012425021422450729 0.023087369850611137
3 0.09040274207369323 0.2743322770484382 0.009425878320479864 0.034404708012675415
3 0.10239931448157669 0.2741059302851969 0.00856898029134533 0.02127659574468085
3 0.05355612682090831 0.31326392032593936 0.009425878320479864 0.02444545043005885
3 0.07754927163667523 0.27704843820733366 0.011139674378748929 0.02806699864191942
3 0.022707797772065125 0.28791308284291534 0.010282776349614395 0.026256224535989137
3 0.11525278491859468 0.20710728836577638 0.01456726649528706 0.023087369850611137
3 0.006426735218508998 0.2980986871887732 0.00856898029134533 0.026708918062471707
3 0.02506426735218509 0.3678134902670892 0.010711225364181662 0.029425079221367133
3 0.04798628963153385 0.376414667270258 0.011996572407883462 0.033046627433227706
3 0.011353898886032563 0.3693979176097782 0.00728363324764353 0.019918515165233137
3 0.0979005998286204 0.37301946582163875 0.008140531276778063 0.019013128112267994
3 0.1643101970865467 0.24490719782707107 0.014995715509854327 0.03168854685377999
3 0.1790916880891174 0.23856948845631507 0.015424164524421594 0.03168854685377999
3 0.1919451585261354 0.27116342236306024 0.007712082262210797 0.023540063377093707
3 0.20629820051413883 0.27229515617926664 0.008997429305912597 0.03214124038026256
3 0.13903170522707797 0.19669533725667723 0.010711225364181662 0.01765504753282028
3 0.0773350471293916 0.21865097329108193 0.014995715509854327 0.027161611588954276
3 0.17930591259640102 0.33974649162516973 0.02442159383033419 0.01765504753282028
4 0.5449871465295629 0.3723404255319149 0.0805484147386461 0.05568130375735627
4 0.32305055698371893 0.49592575826165686 0.11139674378748929 0.07922136713444998
4 0.2262210796915167 0.6283386147578089 0.1062553556126821 0.09144409234947941
4 0.35304198800342756 0.5586238116794929 0.12167952013710369 0.09959257582616568
4 0.2699228791773779 0.7184246265278407 0.11053984575835475 0.09959257582616568
4 0.3976006855184233 0.6484834766862834 0.12425021422450729 0.10819375282933454
4 0.5711225364181662 0.5611136260751471 0.20137103684661525 0.14078768673607966
4 0.598114824335904 0.46717971933001357 0.10282776349614396 0.08057944771389769
4 0.4910025706940874 0.49660479855138073 0.11482433590402742 0.09053870529651425
4 0.5661953727506427 0.41715708465368945 0.08783204798628963 0.07016749660479855
4 0.46036846615252786 0.43775464010864645 0.10668380462724936 0.07514712539610684
3 0.04884318766066838 0.22815753734721594 0.010282776349614395 0.019918515165233137
4 0.7589974293059126 0.3467632412856496 0.11096829477292203 0.16749660479855139
4 0.8226221079691517 0.30715255771842465 0.12082262210796915 0.17881394296061567
4 0.9177377892030848 0.3334087822544138 0.056555269922879174 0.10004526935264826
4 0.8236932305055699 0.4463558171118153 0.0689802913453299 0.046174739701222274
4 0.68337617823479 0.4370755998189226 0.0934018851756641 0.1670439112720688
4 0.07197943444730077 0.6328655500226347 0.09254498714652956 0.09053870529651425
4 0.4406598114824336 0.7329108193752829 0.5077120822622108 0.29425079221367134
3 0.027634961439588688 0.23472159348121321 0.015852613538988862 0.026708918062471707
3 0.03941730934018852 0.2286102308736985 0.013710368466152529 0.026256224535989137
3 0.10904027420736932 0.2962879130828429 0.00728363324764353 0.01403349932095971
3 0.2157240788346187 0.3277501131733816 0.02099400171379606 0.03078315980081485
3 0.2639245929734362 0.5925758261656858 0.013710368466152529 0.019918515165233137
3 0.1778063410454156 0.5622453598913536 0.011139674378748929 0.009053870529651425
3 0.27742073693230507 0.526935264825713 0.014995715509854327 0.019918515165233137
3 0.35625535561268207 0.4624264373019466 0.014995715509854327 0.012222725215029425
3 0.29327335047129394 0.5176550475328203 0.014138817480719794 0.019465821638750568
3 0.28449014567266495 0.5199185151652331 0.013710368466152529 0.018560434585785424
3 0.15745501285347044 0.5923494794024445 0.014138817480719794 0.020371208691715707
3 0.1636675235646958 0.588727931190584 0.013710368466152529 0.02127659574468085
3 0.17116538131962297 0.5842009959257582 0.013281919451585262 0.019465821638750568
3 0.17673521850899743 0.5810321412403803 0.013281919451585262 0.019465821638750568
3 0.16152527849185946 0.5674513354459031 0.033419023136246784 0.02489814395654142
3 0.19087403598971722 0.5735626980534179 0.013281919451585262 0.019918515165233137
3 0.27527849185946873 0.5484382073336351 0.014995715509854327 0.02399275690357628
3 0.1983718937446444 0.5694884563150747 0.012853470437017995 0.019013128112267994
3 0.19237360754070265 0.552286102308737 0.021422450728363324 0.016296966953372568
3 0.2133676092544987 0.5615663196016297 0.013710368466152529 0.02127659574468085
3 0.2191516709511568 0.5565866908103214 0.012425021422450729 0.01765504753282028
3 0.22664952870608399 0.553870529651426 0.011996572407883462 0.01765504753282028
3 0.23414738646101113 0.5511543684925305 0.010711225364181662 0.015844273426889995
3 0.24014567266495288 0.5450430058850159 0.014995715509854327 0.019918515165233137
3 0.2240788346186804 0.536441828881847 0.011139674378748929 0.009053870529651425
3 0.21229648671808055 0.5425531914893617 0.014138817480719794 0.01041195110909914
3 0.26520994001713794 0.5255771842462653 0.01456726649528706 0.019918515165233137
3 0.30955441302485004 0.4861928474422816 0.02099400171379606 0.011770031688546853
3 0.23050556983718937 0.32231779085559076 0.017994858611825194 0.032593933906745136
3 0.01713796058269066 0.5160706201901313 0.02570694087403599 0.022634676324128564
3 0.2455012853470437 0.32277048438207334 0.016281062553556127 0.02444545043005885
3 0.24121679520137104 0.35400633770937073 0.015424164524421594 0.021729289271163424
3 0.2639245929734362 0.34314169307378906 0.016281062553556127 0.022634676324128564
3 0.28320479862896314 0.32888184698958806 0.01456726649528706 0.02127659574468085
3 0.2671379605826907 0.3076052512449072 0.017566409597257925 0.02489814395654142
3 0.17566409597257926 0.4262109551833409 0.028277634961439587 0.015844273426889995
3 0.1893744644387318 0.4502037120869172 0.024850042844901457 0.019465821638750568
3 0.19644387317909168 0.4631054775916704 0.014995715509854327 0.011770031688546853
3 0.03106255355612682 0.5371208691715709 0.028706083976006855 0.023087369850611137
3 0.13067694944301628 0.5971027614305116 0.023993144815766924 0.033499320959710276
3 0.3281919451585261 0.4764599366229063 0.022279348757497857 0.01765504753282028
3 0.29841473864610113 0.22589406971480308 0.015852613538988862 0.02082390221819828
3 0.27806341045415595 0.19352648257129923 0.02313624678663239 0.03576278859212313
3 0.2538560411311054 0.20914440923494795 0.02099400171379606 0.03531009506564056
3 0.2352185089974293 0.20801267541874152 0.01456726649528706 0.02489814395654142
3 0.22279348757497858 0.21955636034404707 0.017994858611825194 0.033499320959710276
3 0.23114824335904027 0.1656858306926211 0.010711225364181662 0.016296966953372568
3 0.24207369323050557 0.15889542779538252 0.012853470437017995 0.019918515165233137
3 0.25492716366752355 0.15844273426889996 0.009425878320479864 0.016296966953372568
3 0.26456726649528706 0.15233137166138525 0.012425021422450729 0.02127659574468085
3 0.331191088260497 0.585559076505206 0.015424164524421594 0.023087369850611137
3 0.3491859468723222 0.5445903123585333 0.01456726649528706 0.02082390221819828
3 0.33547557840616965 0.552286102308737 0.013710368466152529 0.019918515165233137
3 0.6381748071979434 0.5086011770031689 0.012425021422450729 0.01765504753282028
3 0.6158954584404456 0.5511543684925305 0.016709511568123392 0.02399275690357628
3 0.6255355612682091 0.5468537799909461 0.018851756640959727 0.027161611588954276
3 0.5970437017994858 0.5305568130375735 0.012425021422450729 0.019013128112267994
3 0.6060411311053985 0.5255771842462653 0.011568123393316195 0.017202354006337708
3 0.6126820908311911 0.5217292892711635 0.011139674378748929 0.01765504753282028
3 0.62146529562982 0.5162969669533726 0.013281919451585262 0.018560434585785424
3 0.6364610111396743 0.5384789497510185 0.015852613538988862 0.023087369850611137
3 0.6467437874892887 0.5366681756450883 0.014995715509854327 0.02127659574468085
3 0.658311910882605 0.5291987324581259 0.01842330762639246 0.027161611588954276
3 0.6450299914310197 0.504753282028067 0.011568123393316195 0.017202354006337708
3 0.5942587832047986 0.5626980534178361 0.017994858611825194 0.02806699864191942
3 0.6557412167952014 0.4993209597102761 0.013281919451585262 0.019918515165233137
3 0.6677377892030848 0.5228610230873698 0.01842330762639246 0.028972385694884563
3 0.5775492716366752 0.6496152105024898 0.010282776349614395 0.009053870529651425
3 0.5944730077120822 0.6500679040289724 0.015852613538988862 0.012675418741511997
3 0.6118251928020566 0.641014033499321 0.01713796058269066 0.013580805794477138
3 0.6446015424164524 0.6224535989135356 0.017566409597257925 0.013580805794477138
3 0.6418166238217652 0.6129470348574015 0.01456726649528706 0.010864644635581712
3 0.6563838903170522 0.6050248981439565 0.015424164524421594 0.012222725215029425
3 0.6606683804627249 0.6138524219103667 0.015424164524421594 0.012675418741511997
3 0.6049700085689803 0.5579447713897692 0.017994858611825194 0.026708918062471707
3 0.5816195372750642 0.5692621095518334 0.01842330762639246 0.02761430511543685
3 0.506426735218509 0.37980986871887734 0.011996572407883462 0.009959257582616569
3 0.5310625535561269 0.5993662290629244 0.017566409597257925 0.027161611588954276
3 0.4560839760068552 0.5020371208691715 0.013281919451585262 0.01810774105930285
3 0.46315338474721507 0.496831145314622 0.013710368466152529 0.020371208691715707
3 0.47343616109682946 0.48981439565414214 0.013710368466152529 0.019013128112267994
3 0.47193658954584405 0.593481213218651 0.015852613538988862 0.023540063377093707
3 0.4832904884318766 0.5894069714803079 0.016281062553556127 0.02444545043005885
3 0.4852185089974293 0.6231326392032593 0.019280205655526992 0.028519692168401993
3 0.495929734361611 0.6170212765957447 0.01842330762639246 0.02806699864191942
3 0.5098543273350471 0.6079674060660932 0.01713796058269066 0.02444545043005885
3 0.5188517566409597 0.6036668175645088 0.018851756640959727 0.026708918062471707
3 0.5392030848329049 0.5921231326392032 0.013281919451585262 0.019013128112267994
3 0.5895458440445587 0.5344047080126754 0.012853470437017995 0.018560434585785424
3 0.5199228791773779 0.568130375735627 0.017566409597257925 0.025350837483023993
3 0.5306341045415596 0.56337709370756 0.015852613538988862 0.02399275690357628
3 0.5389888603256212 0.5588501584427342 0.015424164524421594 0.022181982797645994
3 0.5497000856898029 0.5531914893617021 0.016281062553556127 0.02444545043005885
3 0.5520565552699229 0.5864644635581712 0.020137103684661525 0.029425079221367133
3 0.573050556983719 0.5749207786328655 0.015852613538988862 0.023540063377093707
3 0.5582690659811482 0.5486645540968764 0.015424164524421594 0.023540063377093707
3 0.5685518423307626 0.5421004979628792 0.016281062553556127 0.02399275690357628
3 0.5790488431876607 0.5359891353553644 0.010711225364181662 0.016296966953372568
3 0.6780205655526992 0.6038931643277501 0.02099400171379606 0.014486192847442281
3 0.511139674378749 0.39497510185604345 0.011996572407883462 0.016749660479855138
3 0.4361610968294773 0.5108646446355817 0.012853470437017995 0.019465821638750568
3 0.5951156812339332 0.482571299230421 0.011139674378748929 0.016296966953372568
3 0.5516281062553556 0.4782707107288366 0.010711225364181662 0.01403349932095971
3 0.5754070265638389 0.46740606609325486 0.011139674378748929 0.016749660479855138
3 0.5824764353041988 0.463558171118153 0.011568123393316195 0.017202354006337708
3 0.5908311910882605 0.45971027614305116 0.010282776349614395 0.015844273426889995
3 0.5974721508140531 0.4558623811679493 0.010711225364181662 0.016296966953372568
3 0.5627677806341045 0.5013580805794478 0.012425021422450729 0.01765504753282028
3 0.5715509854327335 0.495246717971933 0.011996572407883462 0.017202354006337708
3 0.5796915167095116 0.492077863286555 0.013710368466152529 0.019918515165233137
3 0.5884747215081405 0.48664554096876417 0.011568123393316195 0.016296966953372568
3 0.6051842330762639 0.4773653236758714 0.011568123393316195 0.016749660479855138
3 0.5867609254498715 0.41738343141693074 0.00985432733504713 0.014486192847442281
3 0.6118251928020566 0.47374377546401086 0.011139674378748929 0.016749660479855138
3 0.6053984575835476 0.4513354459031236 0.011139674378748929 0.016296966953372568
3 0.6122536418166238 0.4481665912177456 0.011139674378748929 0.016296966953372568
3 0.6208226221079691 0.4434133091896786 0.010282776349614395 0.016749660479855138
3 0.6272493573264781 0.4626527840651879 0.010282776349614395 0.014486192847442281
3 0.6381748071979434 0.458804889090086 0.011568123393316195 0.016749660479855138
3 0.6465295629820051 0.45201448619284745 0.01456726649528706 0.02399275690357628
3 0.6724507283633248 0.4436396559529199 0.020137103684661525 0.028972385694884563
3 0.6062553556126821 0.3390674513354459 0.015424164524421594 0.017202354006337708
3 0.5931876606683805 0.41398822996831147 0.008997429305912597 0.013128112267994568
3 0.5848329048843187 0.39565414214576733 0.010282776349614395 0.015391579900407425
3 0.5186375321336761 0.3909008601177003 0.011568123393316195 0.01765504753282028
3 0.5411311053984575 0.4180624717066546 0.011139674378748929 0.016749660479855138
3 0.5250642673521851 0.3861475780896333 0.00985432733504713 0.013580805794477138
3 0.5325621251071122 0.38229968311453144 0.011139674378748929 0.014938886373924853
3 0.5394173093401885 0.37777274784970577 0.010282776349614395 0.01403349932095971
3 0.5477720651242503 0.37460389316432774 0.00985432733504713 0.013128112267994568
3 0.553770351328192 0.3707559981892259 0.00985432733504713 0.013580805794477138
3 0.5623393316195373 0.36668175645088275 0.00985432733504713 0.013580805794477138
3 0.568337617823479 0.3623811679492983 0.008997429305912597 0.011317338162064282
3 0.5563410454155956 0.3531009506564056 0.012425021422450729 0.010864644635581712
3 0.534490145672665 0.4225894069714803 0.00985432733504713 0.013128112267994568
3 0.5486289631533847 0.41421457673155276 0.010711225364181662 0.017202354006337708
3 0.5779777206512425 0.3992756903576279 0.009425878320479864 0.013580805794477138
3 0.5556983718937446 0.411272068809416 0.011139674378748929 0.016749660479855138
3 0.5636246786632391 0.4074241738343142 0.010711225364181662 0.015391579900407425
3 0.5351328191945158 0.44567677682209145 0.011996572407883462 0.015844273426889995
3 0.5499143101970866 0.4370755998189226 0.011568123393316195 0.015844273426889995
3 0.5576263924592973 0.433454051607062 0.010711225364181662 0.014938886373924853
3 0.5644815766923736 0.42983250339520146 0.010711225364181662 0.015844273426889995
3 0.572407883461868 0.4257582616568583 0.011139674378748929 0.015844273426889995
3 0.578834618680377 0.42191036668175647 0.009425878320479864 0.014486192847442281
3 0.5704798628963154 0.4038026256224536 0.00985432733504713 0.015391579900407425
3 0.444515852613539 0.5065640561339972 0.013281919451585262 0.019918515165233137
3 0.4464438731790917 0.534857401539158 0.016281062553556127 0.02489814395654142
3 0.3281919451585261 0.553870529651426 0.012853470437017995 0.018560434585785424
3 0.7795629820051414 0.3829787234042553 0.02699228791773779 0.022634676324128564
3 0.4168808911739503 0.6170212765957447 0.017994858611825194 0.027161611588954276
3 0.4265209940017138 0.6136260751471254 0.017566409597257925 0.026708918062471707
3 0.4338046272493573 0.609325486645541 0.017566409597257925 0.026256224535989137
3 0.4496572407883462 0.6156631960162969 0.025278491859468722 0.039837030330466275
3 0.12832047986289633 0.7562245359891353 0.037275064267352186 0.058397464916251696
3 0.7223650385604113 0.2745586238116795 0.030848329048843187 0.02399275690357628
3 0.7253641816623821 0.2947034857401539 0.011996572407883462 0.009959257582616569
3 0.739502999143102 0.3103214124038026 0.022279348757497857 0.016749660479855138
3 0.7729220222793488 0.37256677229515617 0.024850042844901457 0.02082390221819828
3 0.7913453299057412 0.40267089180624716 0.02913453299057412 0.02399275690357628
3 0.43723221936589546 0.6437301946582163 0.019280205655526992 0.029877772747849706
3 0.8699657240788347 0.3696242643730195 0.02356469580119966 0.019465821638750568
3 0.8391173950299914 0.3698506111362608 0.017566409597257925 0.013580805794477138
3 0.8356898029134533 0.3630602082390222 0.01842330762639246 0.014486192847442281
3 0.8573264781491002 0.35287460389316433 0.02056555269922879 0.014938886373924853
3 0.8538988860325621 0.3422363060208239 0.023993144815766924 0.01810774105930285
3 0.8498286203941731 0.3325033952014486 0.020137103684661525 0.015844273426889995
3 0.8303341902313625 0.3562698053417836 0.01713796058269066 0.013580805794477138
3 0.823050556983719 0.3411045722046175 0.018851756640959727 0.014938886373924853
3 0.8434018851756641 0.32367587143503845 0.022707797772065125 0.019013128112267994
3 0.40209940017137963 0.6276595744680851 0.016709511568123392 0.02399275690357628
3 0.42802056555269924 0.6493888637392485 0.02056555269922879 0.030330466274332276
3 0.8114824335904027 0.3193752829334541 0.01970865467009426 0.014938886373924853
3 0.3429734361610968 0.6570846536894522 0.020137103684661525 0.029425079221367133
3 0.32197943444730076 0.5593028519692168 0.013281919451585262 0.018560434585785424
3 0.3144815766923736 0.5622453598913536 0.01456726649528706 0.02082390221819828
3 0.3082690659811482 0.5672249886826618 0.012425021422450729 0.017202354006337708
3 0.3226221079691517 0.590312358533273 0.017994858611825194 0.025350837483023993
3 0.31319622964867183 0.5968764146672703 0.01970865467009426 0.028519692168401993
3 0.2982005141388175 0.5952919873245812 0.01970865467009426 0.02806699864191942
3 0.29884318766066836 0.5708465368945224 0.014995715509854327 0.022634676324128564
3 0.2874892887746358 0.5717519239474875 0.015424164524421594 0.02444545043005885
3 0.3226221079691517 0.6432775011317338 0.016281062553556127 0.023540063377093707
3 0.3543273350471294 0.6532367587143504 0.016281062553556127 0.022634676324128564
3 0.4162382176520994 0.6543684925305568 0.019280205655526992 0.028519692168401993
3 0.36182519280205655 0.6482571299230421 0.014138817480719794 0.021729289271163424
3 0.3708226221079691 0.645767315527388 0.015852613538988862 0.022181982797645994
3 0.37896315338474723 0.6403349932095971 0.016709511568123392 0.02399275690357628
3 0.3466152527849186 0.6933001358080579 0.016281062553556127 0.020371208691715707
3 0.356898029134533 0.6894522408329561 0.016281062553556127 0.026256224535989137
3 0.36739502999143103 0.6813037573562698 0.01842330762639246 0.022634676324128564
3 0.3873179091688089 0.6702127659574468 0.018851756640959727 0.028519692168401993
3 0.397172236503856 0.6659121774558624 0.01970865467009426 0.03168854685377999
3 0.40681233933161953 0.6586690810321413 0.019280205655526992 0.028972385694884563
3 0.8384747215081405 0.31462200090538706 0.018851756640959727 0.015391579900407425
3 0.8078406169665809 0.3128112267994568 0.014995715509854327 0.011770031688546853
3 0.4556555269922879 0.5291987324581259 0.013281919451585262 0.019918515165233137
3 0.4824335904027421 0.4870982344952467 0.013710368466152529 0.02082390221819828
3 0.46829477292202226 0.43798098687188775 0.013710368466152529 0.019465821638750568
3 0.47750642673521854 0.435038478949751 0.011568123393316195 0.016296966953372568
3 0.4837189374464439 0.428700769578995 0.011996572407883462 0.01810774105930285
3 0.49185946872322195 0.42440018107741057 0.012853470437017995 0.01765504753282028
3 0.49978577549271636 0.4196468990493436 0.013281919451585262 0.01810774105930285
3 0.508140531276778 0.41693073789044816 0.013710368466152529 0.019918515165233137
3 0.4929305912596401 0.48143956541421457 0.013281919451585262 0.019465821638750568
3 0.5 0.4764599366229063 0.013710368466152529 0.02127659574468085
3 0.5102827763496144 0.4703485740153916 0.01456726649528706 0.021729289271163424
3 0.5182090831191088 0.4653689452240833 0.012425021422450729 0.01810774105930285
3 0.4513710368466152 0.44567677682209145 0.011568123393316195 0.016749660479855138
3 0.529777206512425 0.4606156631960163 0.014995715509854327 0.022181982797645994
3 0.540916880891174 0.485740153915799 0.013281919451585262 0.019918515165233137
3 0.5312767780634104 0.49094612947034855 0.013710368466152529 0.020371208691715707
3 0.5218508997429306 0.49456767768220916 0.01456726649528706 0.023087369850611137
3 0.5122107969151671 0.5006790402897239 0.013281919451585262 0.02082390221819828
3 0.5040702656383891 0.504753282028067 0.014138817480719794 0.02082390221819828
3 0.493573264781491 0.5099592575826166 0.011996572407883462 0.020371208691715707
3 0.4856469580119966 0.5153915799004074 0.013281919451585262 0.019465821638750568
3 0.4672236503856041 0.5244454504300589 0.011568123393316195 0.015844273426889995
3 0.4601542416452442 0.441376188320507 0.011996572407883462 0.017202354006337708
3 0.444515852613539 0.4511090991398823 0.011568123393316195 0.016749660479855138
3 0.8035561268209083 0.3048890900860118 0.014995715509854327 0.012222725215029425
3 0.8881748071979434 0.2904028972385695 0.023993144815766924 0.03576278859212313
3 0.8001285347043702 0.2974196468990493 0.019280205655526992 0.014486192847442281
3 0.7969151670951157 0.2904028972385695 0.015424164524421594 0.012222725215029425
3 0.7917737789203085 0.2836124943413309 0.015424164524421594 0.012222725215029425
3 0.7887746358183376 0.2761430511543685 0.01713796058269066 0.014486192847442281
3 0.7827763496143959 0.2693526482571299 0.018851756640959727 0.013580805794477138
3 0.7939160239931449 0.24966047985513806 0.015424164524421594 0.020371208691715707
3 0.7759211653813196 0.2544137618832051 0.017994858611825194 0.014486192847442281
3 0.7701371036846615 0.24445450430058852 0.020137103684661525 0.016296966953372568
3 0.8245501285347043 0.21118153010411952 0.019280205655526992 0.015844273426889995
3 0.9166666666666666 0.3268447261204165 0.010711225364181662 0.014486192847442281
3 0.43637532133676094 0.455636034404708 0.013281919451585262 0.019465821638750568
3 0.9282347900599829 0.35219556360344045 0.008140531276778063 0.010864644635581712
3 0.9258783204798628 0.37188773200543235 0.02570694087403599 0.03757356269805342
3 0.45458440445586973 0.2394748755092802 0.010282776349614395 0.008148483476686284
3 0.44880034275921166 0.4280217292892712 0.017566409597257925 0.01403349932095971
3 0.46936589545844043 0.4180624717066546 0.013281919451585262 0.01041195110909914
3 0.4301628106255356 0.439791760977818 0.009425878320479864 0.008601177003168854
3 0.41516709511568123 0.44726120416478043 0.01456726649528706 0.011770031688546853
3 0.41966580976863754 0.46468990493435947 0.010711225364181662 0.015844273426889995
3 0.4284490145672665 0.45948392937980986 0.011996572407883462 0.01810774105930285
4 0.19622964867180806 0.5669986419194205 0.0959725792630677 0.0710728836577637
