3 0.8182240818224081 0.9089963598543942 0.016736401673640166 0.0374414976599064
3 0.2580195258019526 0.2514300572022881 0.017666201766620176 0.029641185647425898
3 0.2812645281264528 0.23972958918356735 0.017666201766620176 0.028081123244929798
3 0.301952580195258 0.2264690587623505 0.017201301720130173 0.0265210608424337
3 0.3126452812645281 0.22464898595943839 0.0199907019990702 0.0343213728549142
3 0.32543003254300323 0.21684867394695787 0.020455602045560205 0.036401456058242326
3 0.3688981868898187 0.19500780031201248 0.0199907019990702 0.031201248049921998
3 0.3795908879590888 0.1892875715028601 0.01906090190609019 0.03016120644825793
3 0.3679683867968387 0.1578263130525221 0.024639702463970247 0.04004160166406656
3 0.35495118549511856 0.1622464898595944 0.01813110181311018 0.03016120644825793
3 0.33310088331008836 0.16978679147165887 0.02092050209205021 0.034841393655746226
3 0.3110181311018131 0.18356734269370775 0.019525801952580194 0.03224128965158606
3 0.3207810320781032 0.17784711388455537 0.016736401673640166 0.028081123244929798
3 0.299628079962808 0.19084763390535622 0.01813110181311018 0.03016120644825793
3 0.2777777777777778 0.20306812272490898 0.01813110181311018 0.029641185647425898
3 0.26638772663877264 0.2064482579303172 0.021385402138540215 0.0343213728549142
3 0.25453277545327757 0.21476859074362975 0.0199907019990702 0.03016120644825793
3 0.24407252440725244 0.22074882995319814 0.018596001859600187 0.029641185647425898
3 0.23175267317526732 0.22620904836193448 0.01813110181311018 0.03016120644825793
3 0.2222222222222222 0.2314092563702548 0.020455602045560205 0.031201248049921998
3 0.200371920037192 0.24414976599063962 0.020455602045560205 0.031721268850754034
3 0.18781961878196188 0.24882995319812792 0.019525801952580194 0.03380135205408216
3 0.17735936773593677 0.25533021320852833 0.0199907019990702 0.031201248049921998
3 0.16596931659693165 0.2623504940197608 0.018596001859600187 0.030681227249089962
3 0.15620641562064155 0.26885075403016123 0.019525801952580194 0.029121164846593862
3 0.13319386331938632 0.28055122204888194 0.01906090190609019 0.030681227249089962
3 0.12110646211064621 0.2873114924596984 0.01906090190609019 0.030681227249089962
3 0.11041376104137611 0.2917316692667707 0.01906090190609019 0.031201248049921998
3 0.09762900976290098 0.2995319812792512 0.018596001859600187 0.029121164846593862
3 0.10297536029753603 0.3380135205408216 0.011622501162250116 0.0187207488299532
3 0.1111111111111111 0.33021320852834113 0.01580660158066016 0.026001040041601663
3 0.26801487680148767 0.24570982839313574 0.01813110181311018 0.029641185647425898
3 0.302185030218503 0.3372334893395736 0.017666201766620176 0.02548101924076963
3 0.13365876336587634 0.31773270930837233 0.017201301720130173 0.029121164846593862
3 0.2926545792654579 0.34295371814872594 0.01813110181311018 0.02860114404576183
3 0.3093909809390981 0.29615184607384293 0.015341701534170154 0.024440977639105563
3 0.300092980009298 0.30239209568382736 0.01813110181311018 0.027561102444097763
3 0.2891678289167829 0.30707228289131566 0.016736401673640166 0.027561102444097763
3 0.2803347280334728 0.312792511700468 0.017666201766620176 0.02860114404576183
3 0.2598791259879126 0.3218928757150286 0.016736401673640166 0.029121164846593862
3 0.2496513249651325 0.3299531981279251 0.016736401673640166 0.02860114404576183
3 0.2394235239423524 0.3338533541341654 0.016736401673640166 0.02704108164326573
3 0.22942817294281728 0.3406136245449818 0.016271501627150162 0.028081123244929798
3 0.2201301720130172 0.34347373894955796 0.015341701534170154 0.02548101924076963
3 0.2094374709437471 0.3502340093603744 0.017201301720130173 0.02860114404576183
3 0.200371920037192 0.35595423816952676 0.017666201766620176 0.02860114404576183
3 0.1892143189214319 0.3624544981799272 0.01580660158066016 0.026001040041601663
3 0.17968386796838678 0.3658346333853354 0.015341701534170154 0.02548101924076963
3 0.13854021385402138 0.38507540301612064 0.011157601115760111 0.018200728029121163
3 0.14853556485355648 0.3835153406136245 0.016271501627150162 0.02860114404576183
3 0.1592282659228266 0.37727509100364015 0.016271501627150162 0.027561102444097763
3 0.18084611808461182 0.4001560062402496 0.01580660158066016 0.027561102444097763
3 0.19177126917712692 0.3954758190327613 0.016271501627150162 0.0265210608424337
3 0.21315667131566712 0.38663546541861676 0.017201301720130173 0.02860114404576183
3 0.304509530450953 0.4045761830473219 0.014876801487680148 0.02392095683827353
3 0.2222222222222222 0.38065522620904835 0.016736401673640166 0.02704108164326573
3 0.23221757322175732 0.37415496619864796 0.015341701534170154 0.027561102444097763
3 0.24105067410506742 0.36843473738949556 0.014411901441190145 0.02548101924076963
3 0.25267317526731753 0.36427457098283933 0.017201301720130173 0.029641185647425898
3 0.2615062761506276 0.35725429017160687 0.016271501627150162 0.028081123244929798
3 0.27243142724314273 0.3515340613624545 0.016736401673640166 0.02704108164326573
3 0.2810320781032078 0.3458138325533021 0.016271501627150162 0.02704108164326573
3 0.3214783821478382 0.32605304212168484 0.016271501627150162 0.0249609984399376
3 0.3126452812645281 0.33047321892875714 0.017201301720130173 0.02548101924076963
3 0.12389586238958623 0.3234529381175247 0.0199907019990702 0.0343213728549142
3 0.14621106462110647 0.31201248049922 0.01813110181311018 0.031201248049921998
3 0.802417480241748 0.9087363494539782 0.016736401673640166 0.03692147685907436
3 0.12412831241283125 0.20566822672906918 0.01580660158066016 0.027561102444097763
3 0.10855416085541608 0.22100884035361415 0.013482101348210134 0.022880915236609463
3 0.09065550906555091 0.23088923556942278 0.01208740120874012 0.02080083203328133
4 0.7573221757322176 0.7691107644305772 0.04834960483496048 0.05720228809152366
4 0.5571827057182706 0.33853354134165364 0.06090190609019061 0.03016120644825793
4 0.5643886564388656 0.3876755070202808 0.05206880520688052 0.018200728029121163
4 0.5425383542538355 0.42277691107644305 0.04091120409112041 0.0343213728549142
4 0.5862389586238959 0.1796671866874675 0.07345420734542074 0.056682267290691625
4 0.7236169223616923 0.18824752990119606 0.04230590423059042 0.055122204888195525
4 0.9523477452347745 0.26495059802392096 0.09530450953045096 0.09100364014560583
4 0.796606229660623 0.26807072282891314 0.05346350534635053 0.05252210088403536
4 0.8272896327289633 0.3512740509620385 0.04788470478847048 0.02860114404576183
4 0.9451417945141795 0.38143525741029644 0.10599721059972106 0.07852314092563703
4 0.9263133426313342 0.5080603224128966 0.10832171083217108 0.07696307852314092
4 0.801255230125523 0.515860634425377 0.040446304044630406 0.039521580863234526
4 0.7687122268712226 0.5546021840873635 0.05439330543933055 0.021320852834113363
4 0.7863784286378429 0.5993239729589184 0.0497443049744305 0.0234009360374415
4 0.907484890748489 0.6339053562142486 0.1097164109716411 0.078003120124805
4 0.8891213389121339 0.7631305252210089 0.1101813110181311 0.07748309932397296
4 0.7336122733612274 0.8049921996879875 0.04184100418410042 0.026001040041601663
4 0.7175732217573222 0.8855954238169527 0.03951650395165039 0.0249609984399376
4 0.7475592747559274 0.9277171086843474 0.037192003719200374 0.046801872074883
4 0.8075313807531381 0.9227769110764431 0.049279404927940494 0.06708268330733229
4 0.5311483031148303 0.6328653146125846 0.05625290562529056 0.0187207488299532
4 0.5065086006508601 0.7282891315652626 0.04788470478847048 0.06916276651066043
4 0.3886564388656439 0.5923036921476859 0.05578800557880056 0.06448257930317212
4 0.3788935378893538 0.4737389495579823 0.2110646211064621 0.1435257410296412
4 0.33472803347280333 0.40275611024440977 0.2547652254765225 0.17004680187207488
4 0.27405857740585776 0.33151326053042124 0.304509530450953 0.20124804992199688
4 0.22640632264063226 0.2485699427977119 0.3114830311483031 0.21008840353614144
3 0.11738726173872617 0.21684867394695787 0.013482101348210134 0.0218408736349454
3 0.13389121338912133 0.19864794591783672 0.022315202231520222 0.0374414976599064
3 0.1573686657368666 0.3078523140925637 0.02092050209205021 0.033281331253250133
3 0.15643886564388657 0.18694747789911598 0.0199907019990702 0.0327613104524181
3 0.16875871687587168 0.29927197087883517 0.016736401673640166 0.027561102444097763
3 0.1789865178986518 0.29355174206968276 0.017666201766620176 0.029641185647425898
3 0.19130636913063692 0.28679147165886637 0.01906090190609019 0.029641185647425898
3 0.20246397024639703 0.2841913676547062 0.02092050209205021 0.0358814352574103
3 0.24569967456996747 0.2581903276131045 0.01813110181311018 0.02860114404576183
3 0.23640167364016737 0.2628705148205928 0.01813110181311018 0.02860114404576183
3 0.21431892143189216 0.27743109724388976 0.020455602045560205 0.034841393655746226
3 0.16294746629474663 0.13962558502340094 0.01906090190609019 0.031721268850754034
3 0.17433751743375175 0.13260530421216848 0.021385402138540215 0.0343213728549142
3 0.18456531845653185 0.12792511700468018 0.01580660158066016 0.0249609984399376
3 0.1899116689911669 0.16770670826833073 0.02185030218503022 0.034841393655746226
3 0.199442119944212 0.15938637545501821 0.019525801952580194 0.030681227249089962
3 0.21199442119944212 0.156526261050442 0.022315202231520222 0.036401456058242326
3 0.22129242212924222 0.11284451378055123 0.01580660158066016 0.026001040041601663
3 0.2301255230125523 0.10556422256890276 0.018596001859600187 0.03224128965158606
3 0.24244537424453744 0.09750390015600624 0.016271501627150162 0.02860114404576183
3 0.25290562529056254 0.09178367134685388 0.020455602045560205 0.0327613104524181
3 0.2629009762900976 0.08372334893395736 0.0199907019990702 0.03224128965158606
3 0.27591817759181775 0.08216328653146125 0.02185030218503022 0.036401456058242326
3 0.26801487680148767 0.12714508580343215 0.02278010227801023 0.034841393655746226
3 0.25755462575546256 0.13364534581383256 0.021385402138540215 0.03536141445657826
3 0.24523477452347744 0.13806552262090482 0.01813110181311018 0.0265210608424337
3 0.23337982333798232 0.14274570982839313 0.018596001859600187 0.029641185647425898
3 0.22408182240818225 0.15054602184087362 0.023245002324500233 0.0358814352574103
3 0.19804741980474197 0.12376495059802392 0.018596001859600187 0.02704108164326573
3 0.17805671780567178 0.17446697867914718 0.023245002324500233 0.0358814352574103
3 0.16666666666666666 0.17706708268330734 0.016271501627150162 0.0265210608424337
3 0.15318456531845653 0.14612584503380135 0.017201301720130173 0.02704108164326573
3 0.13389121338912133 0.1606864274570983 0.01208740120874012 0.01768070722828913
3 0.3184565318456532 0.2904316172646906 0.018596001859600187 0.029641185647425898
3 0.3393770339377034 0.312272490899636 0.01208740120874012 0.018200728029121163
3 0.3400743840074384 0.28133125325013003 0.016271501627150162 0.02704108164326573
3 0.9467689446768944 0.24414976599063962 0.014411901441190145 0.030681227249089962
3 0.9400278940027894 0.2834113364534581 0.014876801487680148 0.036401456058242326
3 0.9530450953045095 0.2860114404576183 0.01580660158066016 0.0374414976599064
3 0.9646675964667596 0.2906916276651066 0.01580660158066016 0.0405616224648986
3 0.8881915388191539 0.37727509100364015 0.016271501627150162 0.037961518460738426
3 0.905392840539284 0.35699427977119086 0.012552301255230125 0.027561102444097763
3 0.900278940027894 0.391055642225689 0.014411901441190145 0.03224128965158606
3 0.9139934913993492 0.3923556942277691 0.01301720130172013 0.02860114404576183
3 0.9237563923756392 0.39781591263650545 0.014876801487680148 0.0343213728549142
3 0.9372384937238494 0.40093603744149764 0.01394700139470014 0.02704108164326573
3 0.9476987447698745 0.40093603744149764 0.011622501162250116 0.02392095683827353
3 0.9295676429567643 0.3624544981799272 0.012552301255230125 0.029121164846593862
3 0.9430497443049745 0.3629745189807592 0.014411901441190145 0.03016120644825793
3 0.9535099953509996 0.36427457098283933 0.01394700139470014 0.02860114404576183
3 0.9688516968851697 0.3671346853874155 0.01301720130172013 0.028081123244929798
3 0.9618781961878197 0.40639625585023403 0.014876801487680148 0.0327613104524181
3 0.9349139934913994 0.4921996879875195 0.01301720130172013 0.0265210608424337
3 0.9504881450488145 0.49375975039001563 0.013482101348210134 0.031721268850754034
3 0.9590887959088796 0.49921996879875197 0.008368200836820083 0.016640665626625067
3 0.9432821943282195 0.5338013520540822 0.01394700139470014 0.029641185647425898
3 0.9191073919107392 0.5254810192407696 0.011157601115760111 0.0265210608424337
3 0.9042305904230591 0.5252210088403536 0.01208740120874012 0.028081123244929798
3 0.893537889353789 0.5221008840353614 0.01394700139470014 0.033281331253250133
3 0.8807531380753139 0.5195007800312013 0.015341701534170154 0.036401456058242326
3 0.8684332868433287 0.5182007280291212 0.014876801487680148 0.0327613104524181
3 0.900046490004649 0.48673946957878317 0.01208740120874012 0.02704108164326573
3 0.8863319386331938 0.4828393135725429 0.012552301255230125 0.029641185647425898
3 0.8737796373779637 0.484139365574623 0.015341701534170154 0.036401456058242326
3 0.8486750348675035 0.6326053042121685 0.02092050209205021 0.05252210088403536
3 0.7866108786610879 0.5481019240769631 0.02510460251046025 0.013520540821632865
3 0.9279404927940493 0.28133125325013003 0.01580660158066016 0.036401456058242326
3 0.9351464435146444 0.23790951638065522 0.016271501627150162 0.0390015600624025
3 0.3726173872617387 0.29875195007800315 0.017201301720130173 0.027561102444097763
3 0.9214318921431892 0.23556942277691106 0.014876801487680148 0.03848153926157046
3 0.7601115760111576 0.9266770670826833 0.02696420269642027 0.03536141445657826
3 0.7531380753138075 0.9108164326573063 0.020455602045560205 0.024440977639105563
3 0.7387261738726174 0.8151326053042122 0.02603440260344026 0.0202808112324493
3 0.7601115760111576 0.7789911596463859 0.03533240353324035 0.0405616224648986
3 0.7698744769874477 0.7693707748309933 0.014876801487680148 0.0171606864274571
3 0.8426313342631334 0.7714508580343213 0.013482101348210134 0.029641185647425898
3 0.8321710832171083 0.7633905356214249 0.014876801487680148 0.03016120644825793
3 0.8391445839144583 0.7314092563702548 0.009298000929800094 0.018200728029121163
3 0.8477452347745235 0.7371294851794071 0.013482101348210134 0.030681227249089962
3 0.8719200371920037 0.7428497139885596 0.011622501162250116 0.027561102444097763
3 0.8612273361227336 0.7415496619864794 0.012552301255230125 0.02704108164326573
3 0.8856345885634589 0.7446697867914717 0.01394700139470014 0.031201248049921998
3 0.8565783356578336 0.7740509620384816 0.011622501162250116 0.024440977639105563
3 0.8784286378428637 0.7826313052522101 0.016271501627150162 0.033281331253250133
3 0.905392840539284 0.7841913676547062 0.014411901441190145 0.031201248049921998
3 0.897257089725709 0.7441497659906396 0.01301720130172013 0.02704108164326573
3 0.9114365411436541 0.7483099323972959 0.014411901441190145 0.031201248049921998
3 0.8602975360297536 0.6448257930317213 0.013482101348210134 0.029121164846593862
3 0.8742445374244537 0.6466458658346333 0.013482101348210134 0.029641185647425898
3 0.8849372384937239 0.6471658866354654 0.013482101348210134 0.030681227249089962
3 0.899581589958159 0.6495059802392096 0.01208740120874012 0.028081123244929798
3 0.9100418410041841 0.6544461778471139 0.012552301255230125 0.031721268850754034
3 0.9235239423523942 0.6586063442537702 0.014411901441190145 0.0358814352574103
3 0.8658763365876336 0.610244409776391 0.012552301255230125 0.02860114404576183
3 0.905392840539284 0.6146645865834633 0.012552301255230125 0.02704108164326573
3 0.9160855416085542 0.6157046281851274 0.012552301255230125 0.03224128965158606
3 0.9302649930264993 0.6188247529901196 0.01394700139470014 0.03224128965158606
3 0.9549046954904695 0.05434217368694748 0.029753602975360297 0.015080603224128965
3 0.9084146908414691 0.23504940197607904 0.014876801487680148 0.033281331253250133
3 0.8351929335192934 0.33983359334373375 0.028358902835890282 0.02236089443577743
3 0.8117154811715481 0.28965158606344255 0.029753602975360297 0.019760790431617263
3 0.7343096234309623 0.1622464898595944 0.03579730357973036 0.026001040041601663
3 0.597164109716411 0.15262610504420177 0.03393770339377034 0.02236089443577743
3 0.23245002324500233 0.44383775351014043 0.01394700139470014 0.0234009360374415
3 0.24337517433751743 0.437597503900156 0.013482101348210134 0.02236089443577743
3 0.2512784751278475 0.4339573582943318 0.013482101348210134 0.0234009360374415
3 0.24174802417480243 0.4667186687467499 0.01301720130172013 0.0202808112324493
3 0.26197117619711763 0.4581383255330213 0.013482101348210134 0.02080083203328133
3 0.27150162715016274 0.45241809672386896 0.011157601115760111 0.01768070722828913
3 0.2605764760576476 0.42615704628185125 0.012552301255230125 0.0202808112324493
3 0.2687122268712227 0.4251170046801872 0.01301720130172013 0.02236089443577743
3 0.2796373779637378 0.41835673426937076 0.012552301255230125 0.0202808112324493
3 0.29800092980009296 0.4388975559022361 0.016736401673640166 0.026001040041601663
3 0.31496978149697813 0.43057722308892354 0.011622501162250116 0.016640665626625067
3 0.3602975360297536 0.40535621424856993 0.01208740120874012 0.0171606864274571
3 0.3398419339841934 0.3861154446177847 0.01208740120874012 0.01924076963078523
3 0.35820548582054856 0.3764950598023921 0.014411901441190145 0.0218408736349454
3 0.3682008368200837 0.3998959958398336 0.014876801487680148 0.0218408736349454
3 0.3786610878661088 0.3967758710348414 0.012552301255230125 0.019760790431617263
3 0.39539748953974896 0.3858554342173687 0.013482101348210134 0.0218408736349454
3 0.38493723849372385 0.36141445657826315 0.01580660158066016 0.0249609984399376
3 0.3935378893537889 0.35621424856994277 0.016271501627150162 0.0249609984399376
3 0.40423059042305903 0.38117524700988037 0.014411901441190145 0.0218408736349454
3 0.4093444909344491 0.34763390535621425 0.011622501162250116 0.01924076963078523
3 0.4402603440260344 0.3629745189807592 0.01394700139470014 0.02080083203328133
3 0.45676429567642957 0.3411336453458138 0.024639702463970247 0.0374414976599064
3 0.3888888888888889 0.2542901716068643 0.014411901441190145 0.02392095683827353
3 0.40376569037656906 0.24934997399895995 0.013482101348210134 0.0202808112324493
3 0.4225941422594142 0.25533021320852833 0.030683403068340307 0.0530421216848674
3 0.41492329149232915 0.27405096203848156 0.013482101348210134 0.019760790431617263
3 0.401673640167364 0.28159126365054604 0.016736401673640166 0.027561102444097763
3 0.38145048814504884 0.2922516900676027 0.017201301720130173 0.028081123244929798
3 0.3589028358902836 0.5041601664066563 0.014876801487680148 0.024440977639105563
3 0.3284518828451883 0.4869994799791992 0.012552301255230125 0.0202808112324493
3 0.30381218038121804 0.5015600624024961 0.008833100883310088 0.014040561622464899
3 0.5383542538354253 0.4126365054602184 0.016736401673640166 0.01612064482579303
3 0.5618317061831706 0.16458658346333854 0.03486750348675035 0.0234009360374415
3 0.5169688516968852 0.3159126365054602 0.030683403068340307 0.053562142485699425
3 0.5539284053928405 0.3468538741549662 0.0199907019990702 0.011440457618304731
3 0.5536959553695955 0.37701508060322414 0.02882380288238029 0.015600624024960999
3 0.5492794049279405 0.3923556942277691 0.030218503021850304 0.018200728029121163
3 0.497443049744305 0.7121684867394695 0.020455602045560205 0.0358814352574103
3 0.5076708507670851 0.7090483619344774 0.017666201766620176 0.03380135205408216
3 0.5188284518828452 0.7043681747269891 0.014876801487680148 0.024440977639105563
3 0.46350534635053464 0.6687467498699948 0.02510460251046025 0.03536141445657826
4 0.4495583449558345 0.6755070202808112 0.03533240353324035 0.05408216328653146
4 0.4465364946536495 0.6461258450338013 0.023709902370990237 0.029641185647425898
3 0.5167364016736402 0.6365054602184087 0.016271501627150162 0.0093603744149766
3 0.5153417015341701 0.5956838273530941 0.024639702463970247 0.01612064482579303
3 0.5311483031148303 0.4232969318772751 0.029288702928870293 0.028081123244929798
3 0.34658298465829845 0.4778991159646386 0.013482101348210134 0.02080083203328133
3 0.4790794979079498 0.421736869474779 0.02185030218503022 0.03224128965158606
3 0.4735006973500697 0.43993759750390016 0.016271501627150162 0.02392095683827353
3 0.4642026964202696 0.4453978159126365 0.011622501162250116 0.0171606864274571
3 0.41841004184100417 0.4388975559022361 0.01394700139470014 0.022880915236609463
3 0.42887029288702927 0.43473738949557983 0.013482101348210134 0.02080083203328133
3 0.44746629474662947 0.45553822152886114 0.014411901441190145 0.02080083203328133
3 0.4205020920502092 0.46905876235049404 0.017201301720130173 0.02704108164326573
3 0.39493258949325893 0.4875195007800312 0.017201301720130173 0.02860114404576183
3 0.3854021385402139 0.4890795631825273 0.014876801487680148 0.02236089443577743
3 0.37563923756392376 0.49297971918876754 0.01580660158066016 0.022880915236609463
3 0.36727103672710365 0.49791991679667186 0.014876801487680148 0.0234009360374415
3 0.3830776383077638 0.45865834633385333 0.014876801487680148 0.022880915236609463
3 0.36448163644816367 0.46801872074882994 0.01394700139470014 0.02080083203328133
4 0.200604370060437 0.1393655746229849 0.1789865178986518 0.1393655746229849
