3 0.07956777996070727 0.8697703035274815 0.008840864440078585 0.019278096800656275
3 0.24361493123772102 0.6933962264150944 0.02455795677799607 0.008613617719442166
3 0.27652259332023577 0.7762510254306809 0.0275049115913556 0.007793273174733388
3 0.24091355599214145 0.7752255947497949 0.028978388998035363 0.008203445447087777
3 0.24042239685658154 0.7655865463494668 0.028978388998035363 0.007793273174733388
3 0.2743123772102161 0.7670221493027072 0.022102161100196464 0.006562756357670222
3 0.2762770137524558 0.7551271534044298 0.018172888015717092 0.007383100902378999
3 0.24361493123772102 0.7452830188679245 0.02848722986247544 0.006562756357670222
3 0.2770137524557957 0.7458982772764561 0.026522593320235755 0.007793273174733388
3 0.24336935166994106 0.7346185397867104 0.026031434184675836 0.008203445447087777
3 0.24263261296660119 0.7239540607054963 0.030451866404715127 0.008203445447087777
3 0.24386051080550097 0.7132895816242822 0.027996070726915522 0.007383100902378999
3 0.2787328094302554 0.7141099261689909 0.027996070726915522 0.006562756357670222
3 0.2431237721021611 0.7042657916324856 0.026522593320235755 0.007383100902378999
3 0.2772593320235756 0.705701394585726 0.019155206286836934 0.0061525840853158325
3 0.24435166994106092 0.683552091878589 0.029960707269155205 0.007793273174733388
3 0.27480353634577603 0.7967596390484003 0.02406679764243615 0.008613617719442166
3 0.2784872298624754 0.6843724364232978 0.026522593320235755 0.007793273174733388
3 0.27652259332023577 0.6732977850697293 0.023575638506876228 0.00697292863002461
3 0.24410609037328093 0.6726825266611977 0.030451866404715127 0.008203445447087777
3 0.24165029469548133 0.6638638228055783 0.03339882121807466 0.0061525840853158325
3 0.28020628683693516 0.662428219852338 0.027013752455795677 0.01066447908121411
3 0.2824165029469548 0.6447908121410992 0.0137524557956778 0.004922067268252666
3 0.281188605108055 0.6238720262510254 0.018172888015717092 0.005742411812961444
3 0.24631630648330058 0.6222313371616078 0.029960707269155205 0.009023789991796555
3 0.2787328094302554 0.603363412633306 0.02013752455795678 0.006562756357670222
3 0.2824165029469548 0.5910582444626743 0.021611001964636542 0.005742411812961444
3 0.24778978388998035 0.5906480721903199 0.02504911591355599 0.006562756357670222
3 0.24778978388998035 0.5814191960623462 0.02504911591355599 0.00697292863002461
3 0.2784872298624754 0.5824446267432322 0.018664047151277015 0.005742411812961444
3 0.2784872298624754 0.7867104183757178 0.0275049115913556 0.008203445447087777
3 0.24042239685658154 0.8066037735849056 0.029960707269155205 0.008613617719442166
3 0.343565815324165 0.5926989335520919 0.027013752455795677 0.007383100902378999
3 0.15667976424361493 0.7945036915504512 0.01768172888015717 0.01394585726004922
3 0.34602161100196466 0.5726004922067268 0.023084479371316306 0.007383100902378999
3 0.38163064833005894 0.5545529122231337 0.02848722986247544 0.009844134536505332
3 0.3666502946954813 0.5395816242821985 0.04076620825147348 0.011074651353568499
3 0.3843320235756385 0.5883921246923708 0.032907662082514735 0.009433962264150943
3 0.33914538310412573 0.6039786710418376 0.03683693516699411 0.008613617719442166
3 0.16601178781925344 0.5676784249384742 0.02848722986247544 0.026251025430680888
3 0.13998035363457761 0.6156685808039376 0.009823182711198428 0.02789171452009844
3 0.16601178781925344 0.6513535684987695 0.029469548133595286 0.02378999179655455
3 0.17337917485265225 0.6618129614438064 0.03536345776031434 0.02830188679245283
3 0.16331041257367387 0.6942165709598032 0.028978388998035363 0.02502050861361772
3 0.16846758349705304 0.7299015586546349 0.03929273084479371 0.033223954060705496
3 0.1694499017681729 0.7469237079573421 0.03241650294695481 0.02789171452009844
3 0.1606090373280943 0.7780968006562756 0.0343811394891945 0.02871205906480722
3 0.1731335952848723 0.782608695652174 0.02013752455795678 0.017227235438884332
3 0.23919449901768172 0.816447908121411 0.023575638506876228 0.00697292863002461
3 0.1606090373280943 0.8184987694831829 0.03339882121807466 0.02912223133716161
3 0.1736247544204322 0.8260869565217391 0.03487229862475442 0.02789171452009844
3 0.1537328094302554 0.8662838392124692 0.012770137524557957 0.03527481542247744
3 0.23551080550098233 0.8771534044298606 0.02406679764243615 0.00697292863002461
3 0.2411591355599214 0.8675143560295324 0.02455795677799607 0.009844134536505332
3 0.2698919449901768 0.8699753896636587 0.019155206286836934 0.005742411812961444
3 0.24042239685658154 0.8572600492206727 0.02504911591355599 0.008203445447087777
3 0.2738212180746562 0.8580803937653815 0.02504911591355599 0.006562756357670222
3 0.2733300589390963 0.8377768662838392 0.02504911591355599 0.007793273174733388
3 0.24017681728880158 0.8371616078753076 0.02848722986247544 0.007383100902378999
3 0.23993123772102162 0.8267022149302707 0.027996070726915522 0.007793273174733388
3 0.27087426326129665 0.8293683347005743 0.016208251473477406 0.005742411812961444
3 0.27480353634577603 0.821780147662018 0.023084479371316306 0.00697292863002461
3 0.24926326129666013 0.5695242001640689 0.019155206286836934 0.00697292863002461
3 0.2406679764243615 0.5596800656275636 0.01669941060903733 0.0061525840853158325
3 0.27455795677799605 0.559064807219032 0.03929273084479371 0.009023789991796555
3 0.1556974459724951 0.09003281378178835 0.009823182711198428 0.033223954060705496
3 0.5667976424361493 0.34413453650533227 0.023575638506876228 0.07054963084495489
3 0.6078094302554028 0.27358490566037735 0.0869351669941061 0.019688269073010665
3 0.668713163064833 0.31009023789991796 0.022102161100196464 0.0951599671862182
3 0.6886051080550099 0.3111156685808039 0.023575638506876228 0.09474979491386382
3 0.05697445972495088 0.7069319114027892 0.019646365422396856 0.04799015586546349
3 0.057465618860510805 0.6333059885151764 0.019646365422396856 0.054142739950779326
3 0.06114931237721022 0.5594749794913864 0.02013752455795678 0.05660377358490566
3 0.06311394891944991 0.4883100902378999 0.02013752455795678 0.07178014766201805
3 0.06483300589390963 0.4036095159967186 0.019646365422396856 0.06562756357670221
3 0.05206286836935167 0.1503281378178835 0.012770137524557957 0.010254306808859722
3 0.04518664047151277 0.15504511894995898 0.0206286836935167 0.016406890894175553
3 0.053290766208251475 0.17206726825266613 0.022102161100196464 0.01435602953240361
3 0.16552062868369352 0.09351927809680066 0.009823182711198428 0.031173092698933553
3 0.16527504911591356 0.06214109926168991 0.012278978388998035 0.03158326497128794
3 0.04420432220039293 0.21103363412633305 0.01669941060903733 0.0061525840853158325
3 0.125 0.04840032813781788 0.023084479371316306 0.029532403609515995
4 0.9226424361493124 0.7024200164068909 0.012278978388998035 0.29655455291222316
4 0.8892436149312377 0.7924528301886793 0.008349705304518664 0.12633305988515175
4 0.8244106090373281 0.6778096800656276 0.06532416502946954 0.418785890073831
4 0.7237229862475442 0.6765791632485644 0.08300589390962672 0.42124692370795735
4 0.5965127701375246 0.6989335520918786 0.03880157170923379 0.3937653814602133
4 0.474950884086444 0.6890894175553732 0.09430255402750491 0.3232157506152584
4 0.3605108055009823 0.713084495488105 0.07072691552062868 0.34413453650533227
4 0.25589390962671904 0.7206726825266612 0.06974459724950884 0.3223954060705496
4 0.15643418467583498 0.7165709598031174 0.059430255402750494 0.3240360951599672
4 0.27455795677799605 0.38781788351107466 0.0206286836935167 0.1735028712059065
4 0.162573673870334 0.38474159146841674 0.0206286836935167 0.17473338802296964
4 0.281434184675835 0.16776045939294504 0.023575638506876228 0.2100082034454471
3 0.5306974459724951 0.33305988515176377 0.016208251473477406 0.04922067268252666
3 0.5149803536345776 0.34290401968826906 0.026031434184675836 0.06890894175553733
3 0.6149312377210217 0.34864643150123054 0.03929273084479371 0.014766201804757998
3 0.4567779960707269 0.33695652173913043 0.03143418467583497 0.0660377358490566
3 0.03585461689587426 0.2028301886792453 0.019646365422396856 0.012715340442986054
3 0.06532416502946954 0.20857260049220672 0.014734774066797643 0.0061525840853158325
3 0.07588408644400786 0.21759639048400328 0.019155206286836934 0.0061525840853158325
3 0.08423379174852652 0.2249794913863823 0.03585461689587426 0.008613617719442166
3 0.08546168958742632 0.235233798195242 0.036345776031434185 0.008613617719442166
3 0.18172888015717092 0.3273174733388023 0.03143418467583497 0.05332239540607055
3 0.181237721021611 0.2391304347826087 0.0206286836935167 0.06480721903199343
3 0.19916502946954814 0.24015586546349466 0.022102161100196464 0.06275635767022149
3 0.21660117878192534 0.2432321575061526 0.0206286836935167 0.05660377358490566
3 0.26719056974459726 0.24487284659557013 0.01768172888015717 0.04265791632485644
3 0.2691552062868369 0.19196062346185397 0.019646365422396856 0.04265791632485644
3 0.2674361493123772 0.14520098441345364 0.02406679764243615 0.044298605414273995
3 0.27111984282907664 0.09208367514356029 0.01768172888015717 0.053732567678424936
3 0.29837917485265225 0.08572600492206726 0.01719056974459725 0.04675963904840033
3 0.29764243614931235 0.15914684167350288 0.022593320235756387 0.06316652994257588
3 0.2944499017681729 0.24118129614438064 0.02111984282907662 0.06480721903199343
3 0.3148330058939096 0.23092698933552092 0.026522593320235755 0.08695652173913043
3 0.38089390962671904 0.22867104183757178 0.03683693516699411 0.0955701394585726
3 0.40594302554027506 0.22949138638228056 0.04469548133595285 0.09310910582444627
3 0.4673379174852652 0.2280557834290402 0.05550098231827112 0.1066447908121411
3 0.4869842829076621 0.2387202625102543 0.043713163064833006 0.08531583264971287
3 0.25638506876227896 0.44585726004922066 0.025540275049115914 0.06644790812141099
3 0.29101178781925346 0.42904019688269074 0.022102161100196464 0.09351927809680066
3 0.33079567779960706 0.3299835931091058 0.02504911591355599 0.052091878589007386
3 0.3506876227897839 0.3281378178835111 0.01669941060903733 0.044298605414273995
3 0.4211689587426326 0.33470057424118127 0.02013752455795678 0.05906480721903199
3 0.4393418467583497 0.3336751435602953 0.027013752455795677 0.05701394585726005
3 0.3472495088408644 0.5838802296964725 0.022593320235756387 0.00697292863002461
3 0.38212180746561886 0.6113617719442166 0.0343811394891945 0.009433962264150943
3 0.09356581532416502 0.8691550451189499 0.01031434184675835 0.022149302707136997
3 0.6819744597249509 0.7967596390484003 0.01424361493123772 0.02912223133716161
3 0.81213163064833 0.5986464315012305 0.026031434184675836 0.019278096800656275
3 0.849705304518664 0.6056193601312552 0.03929273084479371 0.02912223133716161
3 0.8074656188605108 0.6591468416735029 0.03143418467583497 0.02871205906480722
3 0.8477406679764243 0.6831419196062346 0.04223968565815324 0.02912223133716161
3 0.8462671905697446 0.7770713699753896 0.019646365422396856 0.0586546349466776
3 0.15766208251473476 0.16099261689909763 0.008840864440078585 0.025840853158326498
3 0.14906679764243616 0.16078753076292043 0.009332023575638507 0.026251025430680888
3 0.15422396856581533 0.18211648892534865 0.025540275049115914 0.009023789991796555
3 0.743860510805501 0.7098031173092699 0.03094302554027505 0.02091878589007383
3 0.6839390962671905 0.7327727645611156 0.015225933202357564 0.02830188679245283
3 0.7428781925343811 0.73318293683347 0.012278978388998035 0.02912223133716161
3 0.6832023575638507 0.7629204265791633 0.012770137524557957 0.030352748154224774
3 0.7421414538310412 0.7643560295324036 0.0137524557956778 0.030762920426579164
3 0.7414047151277013 0.7984003281378179 0.01424361493123772 0.030762920426579164
3 0.8104125736738703 0.5820344544708778 0.03831041257367387 0.027071369975389663
3 0.6800098231827112 0.8367514356029533 0.015225933202357564 0.029532403609515995
3 0.7409135559921415 0.832239540607055 0.015225933202357564 0.030352748154224774
3 0.6797642436149313 0.8761279737489746 0.012770137524557957 0.030352748154224774
3 0.7387033398821218 0.8652584085315833 0.011787819253438114 0.029942575881870385
3 0.7527013752455796 0.890278917145201 0.03781925343811395 0.011894995898277276
3 0.6323673870333988 0.8972518457752255 0.03781925343811395 0.011894995898277276
3 0.6080550098231827 0.8779737489745694 0.011787819253438114 0.030762920426579164
3 0.6090373280943026 0.8447497949138638 0.0137524557956778 0.03158326497128794
3 0.574901768172888 0.8014766201804758 0.01719056974459725 0.04593929450369155
3 0.5780943025540275 0.7461033634126333 0.01669941060903733 0.045118949958982774
3 0.6164047151277013 0.7914273995077933 0.025540275049115914 0.053732567678424936
3 0.5898821218074656 0.7001640689089418 0.012770137524557957 0.04183757178014766
3 0.6141944990176817 0.6452009844134536 0.01031434184675835 0.02378999179655455
3 0.8487229862475442 0.5830598851517638 0.0343811394891945 0.029942575881870385
3 0.8516699410609038 0.5447087776866284 0.03732809430255403 0.022149302707136997
3 0.34503929273084477 0.6248974569319115 0.023084479371316306 0.00697292863002461
3 0.7104616895874263 0.6439704675963905 0.03487229862475442 0.02378999179655455
3 0.06728880157170923 0.8662838392124692 0.008840864440078585 0.022149302707136997
3 0.04837917485265226 0.8437243642329778 0.013261296660117878 0.03937653814602133
3 0.04911591355599214 0.7998359310910582 0.011787819253438114 0.029532403609515995
3 0.05157170923379175 0.7565627563576702 0.0137524557956778 0.03158326497128794
3 0.9361493123772102 0.8884331419196062 0.018664047151277015 0.05742411812961444
3 0.9054518664047151 0.8812551271534045 0.01031434184675835 0.030762920426579164
3 0.8032907662082515 0.8525430680885973 0.019155206286836934 0.04634946677604594
3 0.8408644400785854 0.8800246103363413 0.01768172888015717 0.05291222313371616
3 0.881139489194499 0.8552091878589008 0.008840864440078585 0.018867924528301886
3 0.8831041257367387 0.8203445447087777 0.011787819253438114 0.02871205906480722
3 0.7099705304518664 0.6856029532403609 0.027013752455795677 0.022559474979491387
3 0.7077603143418467 0.6694011484823625 0.03732809430255403 0.02132895816242822
3 0.7082514734774067 0.656070549630845 0.03241650294695481 0.026661197703035273
3 0.7460707269155207 0.6568908941755537 0.03536345776031434 0.02502050861361772
3 0.8116404715127702 0.5287120590648072 0.03781925343811395 0.02461033634126333
3 0.7470530451866405 0.6425348646431501 0.036345776031434185 0.02420016406890894
3 0.7463163064833006 0.6205906480721903 0.029960707269155205 0.019688269073010665
3 0.7450884086444007 0.5828547990155866 0.023575638506876228 0.017227235438884332
3 0.7089882121807466 0.5656275635767022 0.03781925343811395 0.02132895816242822
3 0.7136542239685658 0.5553732567678425 0.03536345776031434 0.02543068088597211
3 0.75 0.5434782608695652 0.03143418467583497 0.022149302707136997
3 0.7173379174852652 0.5166119770303528 0.026031434184675836 0.02912223133716161
3 0.7487721021611002 0.5162018047579984 0.028978388998035363 0.03158326497128794
3 0.7084970530451866 0.4829778506972929 0.012278978388998035 0.026661197703035273
3 0.7350196463654224 0.46267432321575064 0.061394891944990176 0.013125512715340444
3 0.8443025540275049 0.5133305988515177 0.021611001964636542 0.013535684987694831
3 0.8035363457760314 0.4885151763740771 0.019646365422396856 0.03281378178835111
3 0.8595284872298625 0.4850287120590648 0.0137524557956778 0.03158326497128794
3 0.5952848722986247 0.5957752255947498 0.008840864440078585 0.020098441345365054
3 0.6166502946954814 0.6004922067268252 0.01424361493123772 0.03199343724364233
3 0.593320235756385 0.5621410992616899 0.01768172888015717 0.022559474979491387
3 0.3848231827111984 0.728876127973749 0.013261296660117878 0.004922067268252666
3 0.37475442043222 0.8418785890073831 0.03339882121807466 0.010254306808859722
3 0.3386542239685658 0.8189089417555373 0.023084479371316306 0.007793273174733388
3 0.3381630648330059 0.809064807219032 0.02504911591355599 0.0061525840853158325
3 0.3681237721021611 0.8049630844954881 0.018172888015717092 0.0061525840853158325
3 0.3379174852652259 0.7973748974569319 0.023575638506876228 0.006562756357670222
3 0.3388998035363458 0.788966365873667 0.01768172888015717 0.0061525840853158325
3 0.3781925343811395 0.7959392945036915 0.03339882121807466 0.009433962264150943
3 0.33963654223968565 0.7770713699753896 0.026031434184675836 0.007793273174733388
3 0.37352652259332025 0.7834290401968826 0.027013752455795677 0.008203445447087777
3 0.33988212180746563 0.7680475799835931 0.025540275049115914 0.00697292863002461
3 0.3754911591355599 0.7729696472518458 0.032907662082514735 0.009433962264150943
3 0.3406188605108055 0.7475389663658737 0.02111984282907662 0.007793273174733388
3 0.37524557956778 0.7506152584085316 0.019646365422396856 0.005742411812961444
3 0.33840864440078583 0.7145200984413453 0.01669941060903733 0.004922067268252666
3 0.6164047151277013 0.567473338802297 0.011787819253438114 0.02420016406890894
3 0.34037328094302555 0.6954470877768663 0.026522593320235755 0.008613617719442166
3 0.343565815324165 0.706726825266612 0.02406679764243615 0.007383100902378999
3 0.37721021611001965 0.7149302707136997 0.03143418467583497 0.008203445447087777
3 0.37770137524557956 0.7038556193601313 0.026522593320235755 0.008203445447087777
3 0.3781925343811395 0.6917555373256767 0.03536345776031434 0.009433962264150943
3 0.34160117878192536 0.6870385561936013 0.01719056974459725 0.005742411812961444
3 0.3406188605108055 0.6743232157506153 0.016208251473477406 0.005742411812961444
3 0.3806483300589391 0.6812961443806399 0.03732809430255403 0.009844134536505332
3 0.3413555992141454 0.6655045118949959 0.025540275049115914 0.007793273174733388
3 0.3786836935166994 0.6575061525840853 0.029469548133595286 0.008203445447087777
3 0.34160117878192536 0.6447908121410992 0.026031434184675836 0.007383100902378999
3 0.34454813359528486 0.6341263330598852 0.02406679764243615 0.007383100902378999
3 0.3804027504911591 0.6347415914684167 0.03487229862475442 0.009433962264150943
3 0.37401768172888017 0.8539786710418376 0.03192534381139489 0.007383100902378999
3 0.3381630648330059 0.8496718621821165 0.023084479371316306 0.007793273174733388
3 0.3386542239685658 0.8712059064807219 0.023084479371316306 0.006562756357670222
3 0.3899803536345776 0.8921246923707957 0.0206286836935167 0.008203445447087777
3 0.5977406679764243 0.5258408531583265 0.010805500982318271 0.03691550451189499
3 0.619351669941061 0.5297374897456932 0.012770137524557957 0.0406070549630845
3 0.6117387033398821 0.5051271534044298 0.018172888015717092 0.00697292863002461
3 0.46414538310412573 0.5447087776866284 0.0343811394891945 0.02789171452009844
3 0.5031925343811395 0.5588597210828548 0.03487229862475442 0.02912223133716161
3 0.46070726915520627 0.5629614438063987 0.043222003929273084 0.03896636587366694
3 0.4968074656188605 0.587571780147662 0.03388998035363458 0.02830188679245283
3 0.4592337917485265 0.6066447908121411 0.0343811394891945 0.031173092698933553
3 0.4963163064833006 0.6316652994257588 0.03880157170923379 0.031173092698933553
3 0.45604125736738704 0.671862182116489 0.03683693516699411 0.034454470877768664
3 0.4533398821218075 0.6874487284659557 0.03339882121807466 0.030352748154224774
3 0.49705304518664045 0.7114438063986874 0.03929273084479371 0.033223954060705496
3 0.45039292730844793 0.7290812141099262 0.03339882121807466 0.02912223133716161
3 0.45579567779960706 0.7571780147662018 0.03536345776031434 0.031173092698933553
3 0.4916502946954813 0.7584085315832649 0.030451866404715127 0.027071369975389663
3 0.4545677799607073 0.7737899917965545 0.029960707269155205 0.02502050861361772
3 0.4530943025540275 0.7992206726825266 0.03585461689587426 0.03158326497128794
3 0.4457269155206287 0.8125512715340443 0.03487229862475442 0.031173092698933553
3 0.4764243614931238 0.8314191960623462 0.0068762278978389 0.012305168170631665
3 0.4911591355599214 0.7990155865463495 0.03536345776031434 0.029532403609515995
3 0.493860510805501 0.8150123051681706 0.029960707269155205 0.02543068088597211
3 0.5699901768172888 0.8753076292042657 0.022102161100196464 0.052502050861361775
3 0.543958742632613 0.8952009844134536 0.03781925343811395 0.011074651353568499
3 0.4894400785854617 0.8664889253486464 0.013261296660117878 0.03158326497128794
3 0.5034381139489195 0.8931501230516817 0.04027504911591356 0.011894995898277276
3 0.4169941060903733 0.8927399507793273 0.03241650294695481 0.009433962264150943
3 0.39120825147347743 0.8859721082854799 0.013261296660117878 0.005742411812961444
4 0.15594302554027506 0.1579163248564397 0.043713163064833006 0.22559474979491387
