4 0.9864253393665159 0.21103117505995203 0.027149321266968326 0.04396482813749001
4 0.7967914438502673 0.23641087130295763 0.025503907856849032 0.04436450839328537
4 0.13410119292472233 0.7254196642685852 0.02221308103661045 0.023980815347721823
4 0.167420814479638 0.7150279776179057 0.01727684080625257 0.029576338928856916
4 0.27087618264088853 0.6966426858513189 0.023447141094199916 0.037569944044764186
4 0.3525298231180584 0.6794564348521183 0.0213903743315508 0.04876099120703437
4 0.3936651583710407 0.669664268585132 0.030440148087206912 0.05635491606714628
4 0.46194981489099135 0.670863309352518 0.03455368161250514 0.0627498001598721
4 0.497737556561086 0.6800559552358113 0.03619909502262444 0.0771382893685052
4 0.5300287947346771 0.67585931254996 0.04730563554092966 0.07114308553157474
4 0.6042780748663101 0.6966426858513189 0.030440148087206912 0.05755395683453238
4 0.7163718634306869 0.7414068745003997 0.06787330316742081 0.05675459632294165
4 0.7832167832167832 0.7791766586730615 0.06993006993006994 0.04836131095123901
4 0.7949403537638832 0.8029576338928857 0.09337721102426985 0.06235011990407674
4 0.8383381324557795 0.8307354116706634 0.1406828465651995 0.10591526778577139
4 0.9074454956807898 0.8711031175059952 0.011517893870835048 0.04436450839328537
4 0.9117647058823529 0.9246602717825739 0.021801727684080625 0.0627498001598721
4 0.2735499794323324 0.5297761790567546 0.03290826820238585 0.027577937649880094
4 0.3083093377211024 0.49280575539568344 0.03249691484985603 0.011191047162270184
4 0.3243521184697655 0.41586730615507594 0.030028794734677088 0.009192645883293365
4 0.32167832167832167 0.35711430855315746 0.0872069107363225 0.04036770583533174
4 0.37659399424105305 0.3129496402877698 0.01686548745372275 0.03437250199840128
4 0.648909913615796 0.27038369304556353 0.025915261209378856 0.03557154276578737
4 0.09646236116824353 0.731215027977618 0.026737967914438502 0.027577937649880094
