3 0.6964071856287425 0.3108108108108108 0.011976047904191617 0.02199874292897549
3 0.2059880239520958 0.1703331238214959 0.019161676646706587 0.016341923318667503
3 0.23832335329341317 0.17127592708988057 0.02035928143712575 0.01697045883092395
3 0.2155688622754491 0.18698931489629164 0.02155688622754491 0.01948460087994972
3 0.16676646706586826 0.17630421118793213 0.023353293413173652 0.020741671904462602
3 0.17395209580838322 0.1863607793840352 0.02215568862275449 0.02199874292897549
3 0.2934131736526946 0.21213073538654934 0.011976047904191617 0.011942174732872407
3 0.17964071856287425 0.1964173475801383 0.022754491017964073 0.020741671904462602
3 0.15898203592814372 0.22532998114393463 0.02215568862275449 0.01948460087994972
3 0.15808383233532936 0.21527341294783156 0.02035928143712575 0.01697045883092395
3 0.21706586826347304 0.22375864236329351 0.023353293413173652 0.023884349465744813
3 0.2874251497005988 0.2350722815839095 0.011976047904191617 0.011313639220615965
3 0.25209580838323353 0.2608422375864236 0.011976047904191617 0.01257071024512885
3 0.19760479041916168 0.3761785040854808 0.011976047904191617 0.01697045883092395
3 0.17994011976047905 0.3928346951602766 0.013772455089820359 0.01257071024512885
3 0.18023952095808382 0.40917661847894404 0.015568862275449102 0.018856065367693273
3 0.029341317365269463 0.5593966059082338 0.02035928143712575 0.01257071024512885
3 0.011976047904191617 0.3994343180389692 0.010778443113772455 0.008170961659333752
3 0.012874251497005988 0.3818353236957888 0.012574850299401197 0.0069138906348208675
3 0.0748502994011976 0.3639220615964802 0.013173652694610778 0.011313639220615965
3 0.017365269461077845 0.30986800754242616 0.026347305389221556 0.02262727844123193
3 0.040419161676646706 0.2941546197360151 0.017365269461077845 0.016341923318667503
3 0.08712574850299401 0.28284098051539913 0.025748502994011976 0.01759899434318039
3 0.21137724550898204 0.17787554996857322 0.017964071856287425 0.018856065367693273
3 0.2278443113772455 0.15304839723444374 0.02215568862275449 0.01948460087994972
3 0.17784431137724552 0.05311125078566939 0.019161676646706587 0.02199874292897549
3 0.2 0.1624764299182904 0.02155688622754491 0.02199874292897549
2 0.19341317365269461 0.04494028912633564 0.013173652694610778 0.013199245757385292
2 0.25119760479041914 0.03802639849151477 0.014970059880239521 0.01571338780641106
2 0.2401197604790419 0.04619736015084852 0.011976047904191617 0.013199245757385292
2 0.23562874251497007 0.05122564424890006 0.012574850299401197 0.013199245757385292
2 0.23023952095808384 0.056568196103079824 0.011377245508982036 0.013827781269641735
3 0.26497005988023953 0.07416719044626022 0.012574850299401197 0.013827781269641735
3 0.2754491017964072 0.06253928346951602 0.011976047904191617 0.014456316781898177
3 0.17724550898203592 0.12067881835323696 0.019161676646706587 0.02262727844123193
2 0.17784431137724552 0.09836580766813324 0.010778443113772455 0.011942174732872407
3 0.25958083832335327 0.08642363293526084 0.017365269461077845 0.01571338780641106
3 0.2622754491017964 0.09490886235072282 0.015568862275449102 0.013827781269641735
3 0.2691616766467066 0.10087994971715902 0.018562874251497007 0.018227529855436832
3 0.23892215568862277 0.10622250157133878 0.019161676646706587 0.02262727844123193
3 0.275748502994012 0.10905091137649277 0.023353293413173652 0.018227529855436832
3 0.2808383233532934 0.11470773098680076 0.025149700598802394 0.02199874292897549
3 0.25269461077844313 0.12507856693903205 0.02035928143712575 0.01759899434318039
3 0.2901197604790419 0.13136392206159647 0.02215568862275449 0.02011313639220616
3 0.257185628742515 0.13262099308610936 0.023353293413173652 0.018856065367693273
3 0.26676646706586826 0.14833438089252043 0.023353293413173652 0.018856065367693273
3 0.21616766467065868 0.13544940289126337 0.022754491017964073 0.025769956002514142
3 0.19311377245508982 0.1552482715273413 0.01976047904191617 0.01759899434318039
3 0.13532934131736526 0.2558139534883721 0.023952095808383235 0.018856065367693273
3 0.05389221556886228 0.2646134506599623 0.022754491017964073 0.01759899434318039
3 0.12754491017964073 0.2350722815839095 0.022754491017964073 0.01759899434318039
3 0.15179640718562873 0.20804525455688247 0.018562874251497007 0.016341923318667503
4 0.862874251497006 0.5628535512256443 0.059880239520958084 0.02702702702702703
4 0.6895209580838323 0.4556882463859208 0.052095808383233536 0.05531112507856694
4 0.6805389221556887 0.33532369578881205 0.04491017964071856 0.059710873664362035
9 0.9401197604790419 0.3670647391577624 0.013173652694610778 0.0251414204902577
9 0.9697604790419162 0.23727215587680703 0.025748502994011976 0.028284098051539912
4 0.9164670658682634 0.21967316153362665 0.048502994011976046 0.05216844751728473
4 0.8497005988023952 0.31741043368950345 0.09101796407185629 0.09428032683846638
4 0.6529940119760479 0.2482715273412948 0.07245508982035928 0.07919547454431175
4 0.9116766467065869 0.11282212445003142 0.1754491017964072 0.13136392206159647
4 0.7739520958083832 0.054682589566310495 0.09041916167664671 0.10810810810810811
4 0.6859281437125748 0.04934003771213073 0.08203592814371258 0.09742300439974859
4 0.5895209580838323 0.05216844751728473 0.08323353293413174 0.10182275298554368
4 0.49011976047904193 0.028284098051539912 0.1059880239520958 0.05531112507856694
4 0.38652694610778443 0.039597737272155875 0.08323353293413174 0.07793840351979887
4 0.32275449101796405 0.06693903205531113 0.08023952095808383 0.09365179132620993
4 0.26736526946107786 0.1213073538654934 0.06407185628742515 0.07416719044626022
4 0.45748502994011975 0.1819610307982401 0.06227544910179641 0.05091137649277184
4 0.38592814371257483 0.19453174104336896 0.06526946107784432 0.05216844751728473
4 0.21736526946107784 0.1624764299182904 0.059880239520958084 0.06851037083595223
4 0.1655688622754491 0.20081709616593338 0.0592814371257485 0.06599622878692646
4 0.11646706586826347 0.23318667504714016 0.04970059880239521 0.06285355122564425
4 0.8610778443113772 0.6492771841609051 0.07544910179640718 0.06285355122564425
4 0.7991017964071856 0.5634820867379007 0.043712574850299404 0.11502199874292897
4 0.6820359281437126 0.5399120050282841 0.081437125748503 0.04525455688246386
3 0.05389221556886228 0.14896291640477688 0.016766467065868262 0.0251414204902577
3 0.14131736526946106 0.19673161533626649 0.02155688622754491 0.016341923318667503
3 0.12095808383233533 0.2143306096794469 0.027544910179640718 0.021370207416719043
3 0.10029940119760479 0.1876178504085481 0.025748502994011976 0.02199874292897549
3 0.12994011976047903 0.16153362664990573 0.03473053892215569 0.01508485229415462
3 0.13323353293413173 0.08956631049654305 0.01976047904191617 0.025769956002514142
3 0.14251497005988023 0.08139534883720931 0.02155688622754491 0.02451288497800126
3 0.14491017964071856 0.06913890634820867 0.026347305389221556 0.03142677561282212
3 0.09700598802395209 0.11313639220615965 0.025149700598802394 0.02765556253928347
3 0.11676646706586827 0.1357636706473916 0.027544910179640718 0.0251414204902577
3 0.03922155688622755 0.1524198617221873 0.014970059880239521 0.02451288497800126
4 0.6865269461077844 0.6033940917661847 0.08323353293413174 0.0502828409805154
3 0.03173652694610778 0.15870521684475172 0.01437125748502994 0.025769956002514142
3 0.010778443113772455 0.16781898177247015 0.010778443113772455 0.018856065367693273
4 0.23293413173652694 0.3834066624764299 0.081437125748503 0.06033940917661848
4 0.20179640718562875 0.43274670018856065 0.09700598802395209 0.0798240100565682
4 0.15778443113772456 0.516970458830924 0.08083832335329341 0.06599622878692646
4 0.05269461077844311 0.5628535512256443 0.09221556886227544 0.04336895034569453
4 0.7760479041916167 0.8416090509113765 0.03473053892215569 0.07416719044626022
4 0.870059880239521 0.7862979258328096 0.046706586826347304 0.05782526712759271
4 0.7167664670658682 0.7023884349465744 0.118562874251497 0.11125078566939033
2 0.1997005988023952 0.03834066624764299 0.013772455089820359 0.01257071024512885
2 0.20988023952095808 0.029226901319924576 0.013772455089820359 0.014456316781898177
3 0.704191616766467 0.3431803896920176 0.013173652694610778 0.02765556253928347
3 0.8811377245508982 0.10465116279069768 0.017365269461077845 0.03331238214959145
3 0.8991017964071857 0.016027655562539284 0.018562874251497007 0.030798240100565682
3 0.8820359281437126 0.023570081709616594 0.011976047904191617 0.034569453174104335
3 0.8658682634730539 0.019798868636077938 0.013173652694610778 0.03834066624764299
3 0.7877245508982036 0.05405405405405406 0.03413173652694611 0.018856065367693273
3 0.7913173652694611 0.04336895034569453 0.03293413173652695 0.02011313639220616
3 0.7979041916167665 0.01697045883092395 0.03053892215568862 0.01759899434318039
3 0.670059880239521 0.22155876807039598 0.013173652694610778 0.020741671904462602
3 0.6799401197604791 0.24764299182903834 0.014970059880239521 0.02262727844123193
3 0.7652694610778443 0.007228158390949088 0.022754491017964073 0.013199245757385292
3 0.7622754491017965 0.016027655562539284 0.025149700598802394 0.014456316781898177
3 0.7598802395209581 0.0251414204902577 0.026347305389221556 0.013827781269641735
3 0.7577844311377245 0.036769327467001886 0.024550898203592814 0.013199245757385292
3 0.7553892215568863 0.044626021370207415 0.023353293413173652 0.01257071024512885
3 0.7514970059880239 0.05562539283469516 0.027544910179640718 0.010685103708359522
3 0.7508982035928143 0.06411062225015714 0.02155688622754491 0.01005656819610308
3 0.7476047904191617 0.07416719044626022 0.025748502994011976 0.01508485229415462
3 0.7470059880239521 0.08296668761785041 0.02215568862275449 0.01005656819610308
3 0.7805389221556887 0.08296668761785041 0.029341317365269463 0.01508485229415462
3 0.7625748502994012 0.09742300439974859 0.040119760479041915 0.01759899434318039
3 0.6907185628742515 0.08925204274041483 0.03053892215568862 0.01508485229415462
3 0.6853293413173652 0.07730986800754243 0.017365269461077845 0.008799497171590195
3 0.8497005988023952 0.1049654305468259 0.032335329341317366 0.02011313639220616
3 0.8535928143712574 0.1213073538654934 0.03772455089820359 0.023884349465744813
1 0.1781437125748503 0.03016970458830924 0.029341317365269463 0.02765556253928347
3 0.9035928143712575 0.09428032683846638 0.016766467065868262 0.0339409176618479
3 0.7278443113772455 0.5939660590823381 0.012574850299401197 0.03142677561282212
3 0.7173652694610778 0.4465744814582024 0.010778443113772455 0.03331238214959145
3 0.6916167664670658 0.5490257699560025 0.019161676646706587 0.010685103708359522
9 0.9517964071856287 0.7988686360779385 0.014970059880239521 0.02262727844123193
2 0.9679640718562874 0.3519798868636078 0.012574850299401197 0.00754242614707731
2 0.9553892215568862 0.3563796354494029 0.007784431137724551 0.01508485229415462
3 0.9260479041916168 0.1492771841609051 0.03293413173652695 0.018227529855436832
3 0.9203592814371258 0.1357636706473916 0.033532934131736525 0.02011313639220616
3 0.918562874251497 0.12193588937774984 0.03592814371257485 0.02262727844123193
3 0.9895209580838323 0.06568196103079824 0.016167664670658683 0.03205531112507857
3 0.9643712574850299 0.07510999371464487 0.018562874251497007 0.03205531112507857
3 0.9538922155688623 0.0798240100565682 0.017964071856287425 0.0339409176618479
3 0.9422155688622754 0.08202388434946574 0.014970059880239521 0.023255813953488372
3 0.9284431137724551 0.08642363293526084 0.01976047904191617 0.03331238214959145
3 0.911377245508982 0.014456316781898177 0.016766467065868262 0.02765556253928347
3 0.8580838323353294 0.7715273412947832 0.00718562874251497 0.01571338780641106
3 0.8434131736526946 0.7891263356379635 0.018562874251497007 0.0458830923947203
3 0.8368263473053892 0.28975487115022 0.008982035928143712 0.01005656819610308
3 0.8089820359281437 0.31238214959145194 0.016766467065868262 0.03142677561282212
3 0.8868263473053892 0.21527341294783156 0.032335329341317366 0.01948460087994972
3 0.8616766467065868 0.1703331238214959 0.041916167664670656 0.02765556253928347
3 0.6946107784431138 0.06096794468887492 0.02874251497005988 0.01759899434318039
3 0.6973053892215569 0.04776869893148963 0.0281437125748503 0.01759899434318039
3 0.7026946107784431 0.0339409176618479 0.03053892215568862 0.018856065367693273
3 0.7035928143712575 0.021370207416719043 0.02874251497005988 0.016341923318667503
3 0.32994011976047904 0.11187932118164676 0.02874251497005988 0.02262727844123193
3 0.35449101796407184 0.0961659333752357 0.025149700598802394 0.023884349465744813
3 0.3505988023952096 0.08390949088623507 0.029341317365269463 0.025769956002514142
3 0.32335329341317365 0.10182275298554368 0.023952095808383235 0.02011313639220616
3 0.34520958083832337 0.073852922690132 0.025748502994011976 0.02199874292897549
3 0.3122754491017964 0.0857950974230044 0.024550898203592814 0.020741671904462602
3 0.3377245508982036 0.06442489000628536 0.026347305389221556 0.02199874292897549
3 0.38053892215568863 0.05782526712759271 0.024550898203592814 0.0251414204902577
3 0.4 0.03771213073538655 0.033532934131736525 0.03016970458830924
3 0.36377245508982037 0.03425518541797611 0.025748502994011976 0.0295411690760528
3 0.3317365269461078 0.05499685732243872 0.026347305389221556 0.01948460087994972
3 0.3020958083832335 0.06693903205531113 0.024550898203592814 0.020741671904462602
3 0.3838323353293413 0.0147705845380264 0.032335329341317366 0.028284098051539912
3 0.3476047904191617 0.011627906976744186 0.018562874251497007 0.02199874292897549
3 0.3203592814371258 0.036455059710873663 0.025149700598802394 0.02011313639220616
3 0.2937125748502994 0.057510999371464484 0.023353293413173652 0.018227529855436832
2 0.27335329341317366 0.010370835952231301 0.013772455089820359 0.01571338780641106
2 0.26766467065868266 0.014142049025769956 0.011976047904191617 0.014456316781898177
2 0.262874251497006 0.01948460087994972 0.013173652694610778 0.013827781269641735
2 0.25389221556886227 0.03016970458830924 0.01437125748502994 0.013827781269641735
2 0.21467065868263474 0.02262727844123193 0.012574850299401197 0.01257071024512885
3 0.4125748502994012 0.06411062225015714 0.03473053892215569 0.01508485229415462
3 0.3014970059880239 0.19673161533626649 0.013772455089820359 0.016341923318667503
3 0.37604790419161677 0.16939032055311126 0.04431137724550898 0.01948460087994972
3 0.6167664670658682 0.061596480201131364 0.02155688622754491 0.02011313639220616
3 0.7074850299401197 0.010685103708359522 0.03053892215568862 0.008799497171590195
3 0.6679640718562875 0.03299811439346323 0.023353293413173652 0.009428032683846637
3 0.6733532934131736 0.01571338780641106 0.023353293413173652 0.01005656819610308
3 0.6595808383233533 0.08610936517913262 0.023353293413173652 0.008799497171590195
3 0.6565868263473054 0.07448145820238844 0.023353293413173652 0.010685103708359522
3 0.661377245508982 0.06348208673790069 0.023353293413173652 0.008799497171590195
3 0.5847305389221557 0.08453802639849152 0.04970059880239521 0.03834066624764299
3 0.5610778443113772 0.07510999371464487 0.00718562874251497 0.010685103708359522
3 0.5793413173652695 0.06599622878692646 0.035329341317365266 0.0251414204902577
3 0.6146706586826347 0.046825895663104966 0.02215568862275449 0.018227529855436832
3 0.4748502994011976 0.02011313639220616 0.03832335329341317 0.03016970458830924
3 0.6173652694610778 0.03425518541797611 0.022754491017964073 0.018227529855436832
3 0.6176646706586826 0.021684475172847266 0.01976047904191617 0.01571338780641106
3 0.6188622754491018 0.011313639220615965 0.023353293413173652 0.02011313639220616
3 0.4377245508982036 0.17410433689503457 0.02155688622754491 0.008799497171590195
3 0.5338323353293413 0.024198617221873036 0.02215568862275449 0.018227529855436832
3 0.5206586826347306 0.014456316781898177 0.03413173652694611 0.026398491514770583
3 0.4691616766467066 0.06411062225015714 0.008982035928143712 0.01257071024512885
3 0.4874251497005988 0.054682589566310495 0.009580838323353293 0.01257071024512885
3 0.48323353293413174 0.03488372093023256 0.03832335329341317 0.030798240100565682
4 0.04910179640718563 0.2844123192960402 0.09580838323353294 0.08359522313010685
