13 0.955625 0.310625 0.02225 0.01075
13 0.9705 0.510125 0.0105 0.00625
13 0.9075 0.84975 0.0035 0.0145
13 0.8435 0.178 0.009 0.01
13 0.694875 0.00275 0.00825 0.0045
13 0.58725 0.345875 0.0145 0.00975
13 0.5215 0.641 0.003 0.008
13 0.499625 0.6395 0.00475 0.008
13 0.486 0.58075 0.0035 0.0095
13 0.209375 0.190125 0.01925 0.01825
13 0.38 0.275125 0.0055 0.01275
13 0.35175 0.2885 0.0245 0.018
13 0.26075 0.3335 0.01 0.007
13 0.255625 0.6045 0.00825 0.006
13 0.021 0.732625 0.0115 0.00675
13 0.063375 0.08225 0.01675 0.016
