13 0.9634615384615385 0.322375 0.05884615384615385 0.07075
3 0.19759615384615384 0.392125 0.0021153846153846153 0.01075
3 0.20163461538461538 0.403 0.0025 0.0105
3 0.2 0.403875 0.002307692307692308 0.01025
3 0.19826923076923078 0.40425 0.002307692307692308 0.011
3 0.19634615384615384 0.40375 0.002307692307692308 0.0115
3 0.19442307692307692 0.403875 0.002307692307692308 0.01175
3 0.19278846153846155 0.404 0.0021153846153846153 0.0115
3 0.19096153846153846 0.403625 0.002307692307692308 0.01175
3 0.17326923076923076 0.657125 0.008846153846153846 0.00925
3 0.1778846153846154 0.667 0.008846153846153846 0.0115
3 0.24115384615384616 0.843875 0.004615384615384616 0.01325
3 0.2616346153846154 0.884125 0.006346153846153846 0.01575
3 0.2723076923076923 0.933375 0.0019230769230769232 0.00675
13 0.09384615384615384 0.6765 0.002692307692307692 0.007
3 0.12903846153846155 0.51775 0.005384615384615384 0.002
3 0.12432692307692307 0.47825 0.003653846153846154 0.012
3 0.12509615384615386 0.463375 0.003269230769230769 0.01125
3 0.12336538461538461 0.463125 0.003653846153846154 0.01125
3 0.12153846153846154 0.46375 0.0034615384615384616 0.009
3 0.11932692307692308 0.445125 0.0040384615384615385 0.01325
3 0.11701923076923076 0.444125 0.0040384615384615385 0.01325
3 0.11990384615384615 0.42775 0.0040384615384615385 0.0145
3 0.11730769230769231 0.427625 0.0038461538461538464 0.01425
3 0.11519230769230769 0.429 0.0038461538461538464 0.0145
13 0.07673076923076923 0.370375 0.0034615384615384616 0.00625
3 0.11788461538461538 0.358125 0.004230769230769231 0.01675
3 0.11057692307692307 0.332625 0.005 0.01175
13 0.09653846153846155 0.291875 0.03576923076923077 0.01275
13 0.15625 0.24925 0.005961538461538462 0.0175
13 0.06192307692307692 0.18125 0.018461538461538463 0.0085
3 0.19548076923076924 0.39175 0.0021153846153846153 0.0115
3 0.19923076923076924 0.39175 0.002307692307692308 0.0115
3 0.9917307692307692 0.826125 0.010384615384615384 0.01175
3 0.2010576923076923 0.392 0.0025 0.0105
3 0.9379807692307692 0.880875 0.009038461538461539 0.00825
3 0.86375 0.94825 0.007884615384615384 0.008
13 0.8166346153846153 0.182125 0.041346153846153845 0.02825
13 0.6852884615384616 0.103125 0.010576923076923078 0.02575
13 0.7425 0.449 0.0019230769230769232 0.004
13 0.7004807692307692 0.447875 0.005192307692307692 0.00425
13 0.7693269230769231 0.8435 0.0055769230769230765 0.0135
13 0.6615384615384615 0.2975 0.009615384615384616 0.004
13 0.5713461538461538 0.85325 0.003076923076923077 0.0095
13 0.5407692307692308 0.72925 0.004615384615384616 0.0095
13 0.5966346153846154 0.201625 0.01826923076923077 0.01625
13 0.6076923076923076 0.302625 0.009615384615384616 0.00525
13 0.46836538461538463 0.065125 0.01326923076923077 0.00725
13 0.45990384615384616 0.125 0.01673076923076923 0.012
13 0.4525 0.728875 0.008076923076923077 0.00525
13 0.36067307692307693 0.9055 0.0028846153846153848 0.01
13 0.3507692307692308 0.46375 0.003076923076923077 0.0065
13 0.33125 0.407875 0.0021153846153846153 0.00725
3 0.35836538461538464 0.20525 0.010192307692307691 0.0045
3 0.34807692307692306 0.204875 0.010769230769230769 0.00375
3 0.3395192307692308 0.210375 0.010192307692307691 0.00275
3 0.3381730769230769 0.207625 0.010961538461538462 0.00225
13 0.39125 0.19575 0.009807692307692307 0.023
13 0.14942307692307694 0.063625 0.002692307692307692 0.00525
12 0.2785576923076923 0.198625 0.0021153846153846153 0.00325
12 0.2781730769230769 0.195125 0.0021153846153846153 0.00275
12 0.2778846153846154 0.191375 0.0019230769230769232 0.00325
12 0.275 0.19175 0.002307692307692308 0.0035
13 0.25576923076923075 0.16025 0.009230769230769232 0.0055
13 0.08076923076923077 0.087375 0.0038461538461538464 0.00975
