13 0.92025 0.057458563535911604 0.0045 0.008287292817679558
13 0.91825 0.3230662983425414 0.005 0.009116022099447514
13 0.819875 0.4850828729281768 0.00375 0.0066298342541436465
3 0.85075 0.36767955801104973 0.0115 0.01270718232044199
3 0.762 0.3062154696132597 0.0125 0.012430939226519336
13 0.894875 0.06602209944751382 0.00375 0.009944751381215469
3 0.6655 0.2128453038674033 0.012 0.011325966850828728
3 0.64925 0.2011049723756906 0.01 0.013259668508287293
13 0.623375 0.5252762430939226 0.00475 0.002486187845303867
13 0.42025 0.7935082872928176 0.011 0.005801104972375691
13 0.244375 0.7111878453038674 0.00875 0.0035911602209944752
