13 0.922125 0.6285 0.01275 0.0115
13 0.443875 0.5355 0.00725 0.008
13 0.09425 0.335375 0.0065 0.00475
13 0.159625 0.379875 0.00725 0.00525
13 0.2295 0.429375 0.0085 0.00625
13 0.1085 0.5875 0.007 0.0065
13 0.146875 0.827375 0.00725 0.00375
13 0.09025 0.922875 0.0065 0.00525
13 0.2575 0.08425 0.0085 0.008
13 0.498375 0.55675 0.00975 0.0095
13 0.973625 0.669625 0.01125 0.00975
13 0.3505 0.82725 0.007 0.0085
13 0.612625 0.374875 0.01475 0.01425
13 0.746375 0.023 0.00775 0.0105
13 0.74875 0.48725 0.009 0.009
13 0.720375 0.782875 0.00775 0.00725
13 0.816375 0.802875 0.00675 0.00825
13 0.847375 0.886125 0.00825 0.00975
13 0.152625 0.180875 0.00475 0.00625
