13 0.952875 0.05966850828729282 0.00375 0.0071823204419889505
13 0.571 0.2569060773480663 0.0035 0.015469613259668509
13 0.184 0.9437845303867404 0.0065 0.004143646408839779
13 0.23975 0.9349447513812155 0.0075 0.005248618784530387
13 0.18775 0.8312154696132596 0.0075 0.004972375690607734
13 0.26525 0.4180939226519337 0.0015 0.007458563535911602
13 0.226375 0.05276243093922652 0.00875 0.011049723756906077
13 0.299875 0.8280386740331491 0.00625 0.01574585635359116
13 0.508125 0.9354972375690608 0.00825 0.005248618784530387
13 0.53275 0.5947513812154697 0.003 0.0066298342541436465
13 0.529875 0.39488950276243096 0.00375 0.009668508287292817
13 0.671625 0.7875690607734807 0.00675 0.018232044198895028
13 0.868625 0.9136740331491713 0.00825 0.00856353591160221
3 0.74775 0.9845303867403314 0.0125 0.008287292817679558
13 0.69775 0.05027624309392265 0.0045 0.0027624309392265192
13 0.825125 0.45345303867403314 0.00325 0.009668508287292817
13 0.863125 0.6157458563535911 0.00925 0.0038674033149171273
13 0.8755 0.7168508287292817 0.0115 0.009392265193370166
13 0.758875 0.7993093922651934 0.00625 0.011878453038674033
13 0.814125 0.962292817679558 0.01975 0.0356353591160221
13 0.8585 0.9204419889502763 0.0105 0.0066298342541436465
13 0.844 0.9292817679558011 0.006 0.0055248618784530384
13 0.053625 0.9621546961325966 0.00725 0.0038674033149171273
