13 0.962375 0.577875 0.01425 0.01875
13 0.935 0.694125 0.021 0.01375
13 0.149375 0.239375 0.02175 0.00775
13 0.19975 0.810875 0.0115 0.01675
13 0.23 0.79025 0.017 0.026
13 0.137875 0.95525 0.02325 0.016
13 0.3485 0.960375 0.006 0.00625
13 0.424375 0.475625 0.02325 0.01525
13 0.3785 0.077375 0.007 0.00525
13 0.571 0.235125 0.0215 0.01225
13 0.56925 0.584 0.017 0.0075
5 0.46725 0.615875 0.0455 0.04275
6 0.466625 0.614625 0.02825 0.02575
11 0.434625 0.599125 0.00725 0.01125
11 0.44075 0.599375 0.0075 0.01075
11 0.44675 0.598 0.008 0.011
13 0.430875 0.84325 0.01875 0.012
13 0.407 0.821 0.008 0.008
13 0.72875 0.9635 0.009 0.0095
13 0.617875 0.784125 0.01675 0.01325
3 0.610625 0.743625 0.00275 0.01025
3 0.6085 0.73125 0.0065 0.01
3 0.606875 0.732875 0.00425 0.00625
13 0.695875 0.66275 0.00875 0.0115
13 0.742125 0.398625 0.00525 0.00775
13 0.65025 0.369125 0.008 0.00875
13 0.6005 0.367625 0.0035 0.00425
13 0.738125 0.17725 0.01225 0.0175
13 0.598 0.120875 0.0085 0.01575
13 0.87625 0.215375 0.012 0.01825
13 0.87275 0.82625 0.0075 0.0085
13 0.070625 0.05 0.01125 0.0165
