13 0.98725 0.281 0.0155 0.017
13 0.659625 0.46325 0.00475 0.0075
13 0.034 0.527625 0.0055 0.00725
13 0.128375 0.58475 0.01225 0.01
13 0.1215 0.695875 0.012 0.00725
13 0.159125 0.877375 0.01025 0.02175
13 0.302 0.272625 0.0055 0.00625
13 0.425875 0.254375 0.00825 0.00875
13 0.50575 0.4345 0.006 0.0075
13 0.43325 0.7885 0.009 0.006
13 0.460875 0.870375 0.00825 0.00475
13 0.69975 0.8345 0.004 0.007
13 0.699 0.810875 0.005 0.00275
3 0.703125 0.832375 0.00425 0.00275
13 0.69375 0.566875 0.004 0.00625
13 0.397625 0.54525 0.00775 0.0065
13 0.972 0.320625 0.041 0.02275
13 0.383625 0.524125 0.01575 0.01175
13 0.397375 0.50575 0.00575 0.007
13 0.743 0.93475 0.0045 0.008
13 0.760375 0.39525 0.01475 0.012
13 0.6515 0.1435 0.0065 0.005
3 0.6555 0.147375 0.004 0.00425
13 0.634875 0.04 0.00725 0.008
13 0.669625 0.072875 0.00575 0.00575
13 0.774 0.272875 0.007 0.00625
13 0.863875 0.359 0.01425 0.0115
13 0.9195 0.422625 0.0355 0.01725
13 0.852875 0.600375 0.00675 0.01075
13 0.871 0.700625 0.0105 0.00575
13 0.086375 0.306 0.01275 0.0085
