13 0.797875 0.141625 0.09125 0.01225
13 0.78075 0.410625 0.0155 0.00625
13 0.127 0.5695 0.0085 0.009
13 0.064375 0.725875 0.01025 0.01675
13 0.023 0.70925 0.011 0.016
13 0.1965 0.704875 0.0085 0.00325
13 0.29975 0.787125 0.003 0.00775
13 0.30425 0.5885 0.0065 0.0105
13 0.367 0.557375 0.0135 0.01925
13 0.318125 0.43825 0.01125 0.009
13 0.44325 0.98175 0.0205 0.0335
13 0.680375 0.96275 0.00675 0.0025
13 0.56275 0.759125 0.007 0.00425
13 0.710375 0.141625 0.02675 0.01275
3 0.773375 0.371125 0.00425 0.01175
3 0.769875 0.358875 0.00575 0.01425
3 0.77425 0.3605 0.0055 0.013
13 0.099625 0.10675 0.00525 0.007
