13 0.9831730769230769 0.087875 0.0040384615384615385 0.00575
13 0.28451923076923075 0.070625 0.004423076923076923 0.00675
3 0.43403846153846154 0.52925 0.006923076923076923 0.0105
13 0.42125 0.517125 0.008653846153846154 0.01075
13 0.4664423076923077 0.88075 0.006730769230769231 0.0075
13 0.505673076923077 0.9905 0.0055769230769230765 0.007
13 0.30596153846153845 0.93325 0.006923076923076923 0.004
13 0.30875 0.414625 0.013653846153846154 0.01625
13 0.34692307692307695 0.3405 0.008846153846153846 0.0105
13 0.3633653846153846 0.18125 0.0040384615384615385 0.006
13 0.25048076923076923 0.461375 0.0028846153846153848 0.00825
13 0.4583653846153846 0.5425 0.005192307692307692 0.0075
13 0.19153846153846155 0.47725 0.0034615384615384616 0.0095
13 0.20625 0.70175 0.005961538461538462 0.007
13 0.15548076923076923 0.792875 0.005961538461538462 0.00525
13 0.0926923076923077 0.872 0.004615384615384616 0.007
13 0.08557692307692308 0.814875 0.0038461538461538464 0.00675
13 0.03307692307692308 0.716125 0.004230769230769231 0.00825
13 0.1658653846153846 0.154125 0.01326923076923077 0.01625
13 0.06817307692307692 0.1445 0.020961538461538462 0.0275
3 0.44134615384615383 0.5355 0.006538461538461538 0.009
13 0.6248076923076923 0.06575 0.0057692307692307696 0.0095
13 0.9335576923076923 0.2285 0.005192307692307692 0.007
13 0.8102884615384616 0.357875 0.005192307692307692 0.00675
13 0.9859615384615384 0.5 0.0034615384615384616 0.0055
13 0.9783653846153846 0.795125 0.0055769230769230765 0.00725
3 0.8205769230769231 0.953 0.005 0.0135
13 0.8113461538461538 0.93225 0.013461538461538462 0.016
13 0.9008653846153846 0.684875 0.005961538461538462 0.00875
13 0.8657692307692307 0.63525 0.0057692307692307696 0.0085
13 0.8178846153846154 0.560375 0.006153846153846154 0.00875
13 0.8311538461538461 0.378625 0.004230769230769231 0.00525
13 0.8611538461538462 0.330125 0.004615384615384616 0.00575
13 0.5958653846153846 0.0185 0.003269230769230769 0.0045
13 0.8523076923076923 0.142875 0.0038461538461538464 0.00625
13 0.6700961538461538 0.4275 0.005961538461538462 0.0085
13 0.7142307692307692 0.497 0.005 0.007
13 0.7250961538461539 0.653375 0.005192307692307692 0.00625
13 0.7632692307692308 0.726875 0.002692307692307692 0.00675
13 0.7824038461538462 0.823 0.007115384615384615 0.009
13 0.6035576923076923 0.28525 0.005192307692307692 0.0065
13 0.6052884615384615 0.105375 0.005961538461538462 0.01375
13 0.061153846153846156 0.027125 0.008846153846153846 0.01275
