4 0.9795 0.51775 0.0385 0.0225
10 0.815375 0.540375 0.01025 0.01125
10 0.2125 0.900625 0.0065 0.00775
12 0.337625 0.890875 0.01225 0.01325
12 0.361625 0.626125 0.00875 0.00875
10 0.41025 0.300625 0.0065 0.00675
10 0.46775 0.20775 0.0065 0.0065
10 0.4955 0.163375 0.0065 0.00675
10 0.52475 0.3515 0.0065 0.007
5 0.55725 0.463 0.0365 0.061
12 0.74925 0.852125 0.0135 0.01525
13 0.91375 0.744125 0.0305 0.01325
10 0.82475 0.468875 0.0075 0.00725
4 0.98125 0.499 0.033 0.02
10 0.874 0.5005 0.0075 0.0085
4 0.986375 0.659375 0.01975 0.01425
13 0.093625 0.257125 0.01075 0.01025
4 0.95375 0.67475 0.019 0.018
13 0.924625 0.710625 0.01775 0.03525
13 0.9155 0.8485 0.0215 0.0395
4 0.991 0.44225 0.018 0.0145
4 0.989125 0.458 0.02225 0.016
4 0.986125 0.473 0.02725 0.02
4 0.984625 0.487125 0.03025 0.01875
12 0.300625 0.57325 0.01375 0.016
