13 0.406625 0.941 0.02675 0.0485
12 0.237 0.5655 0.0065 0.006
12 0.26 0.583375 0.017 0.01825
12 0.212625 0.58875 0.00575 0.0065
12 0.230875 0.591375 0.01225 0.01225
12 0.235125 0.57925 0.00925 0.009
12 0.224375 0.5755 0.00925 0.009
12 0.22825 0.56425 0.0105 0.0105
12 0.235625 0.57075 0.00425 0.004
12 0.322375 0.45875 0.00675 0.006
12 0.2485 0.556875 0.009 0.01025
12 0.26525 0.561375 0.0095 0.00925
12 0.26775 0.549875 0.0105 0.01075
12 0.277875 0.55325 0.00975 0.011
12 0.23975 0.552875 0.0095 0.00975
12 0.300625 0.53525 0.01025 0.009
10 0.017875 0.745625 0.00875 0.00875
12 0.326375 0.500375 0.00975 0.00875
12 0.3205 0.51925 0.0105 0.0095
12 0.347375 0.2125 0.00425 0.0045
12 0.381 0.286375 0.0075 0.00725
12 0.351 0.22725 0.005 0.005
12 0.354375 0.221625 0.00625 0.00625
12 0.35325 0.21425 0.006 0.0065
12 0.3475 0.22225 0.005 0.0055
12 0.34675 0.216875 0.0035 0.00375
12 0.3735 0.39325 0.0105 0.0115
12 0.3385 0.488625 0.0155 0.01575
12 0.320125 0.389375 0.00675 0.00725
12 0.330125 0.394875 0.01125 0.01225
12 0.319625 0.40025 0.00975 0.011
12 0.3275 0.404375 0.005 0.00625
12 0.335 0.4045 0.008 0.0085
12 0.34525 0.50725 0.016 0.0155
12 0.3045 0.5255 0.01 0.009
12 0.2815 0.506375 0.009 0.00825
4 0.529875 0.595375 0.04325 0.06025
4 0.028625 0.470875 0.05525 0.03075
3 0.515625 0.61725 0.00775 0.007
12 0.27625 0.66925 0.0045 0.0045
12 0.277375 0.663875 0.00475 0.00475
3 0.521375 0.57775 0.00825 0.005
3 0.284375 0.407625 0.00825 0.02175
4 0.019375 0.45025 0.03575 0.024
4 0.008 0.4805 0.0155 0.0155
12 0.341 0.346875 0.009 0.00775
4 0.0115 0.495625 0.022 0.01775
4 0.058125 0.651625 0.01625 0.01775
4 0.04625 0.65925 0.0145 0.0175
4 0.03475 0.66525 0.0135 0.017
4 0.023875 0.6695 0.01175 0.0165
4 0.014875 0.6755 0.01375 0.0175
3 0.47825 0.59575 0.01 0.0075
12 0.47025 0.3075 0.007 0.007
12 0.276625 0.49675 0.00975 0.009
12 0.328125 0.46625 0.00925 0.01
12 0.286 0.499375 0.008 0.00825
12 0.294625 0.49575 0.00825 0.0075
12 0.299375 0.481625 0.00825 0.00775
12 0.307625 0.485375 0.00825 0.00875
12 0.304625 0.469125 0.00675 0.00625
12 0.321125 0.473875 0.00825 0.00725
4 0.025 0.654125 0.0135 0.01475
12 0.473125 0.31375 0.00725 0.0075
4 0.014875 0.65775 0.01375 0.017
4 0.006375 0.663875 0.01275 0.01575
3 0.0945 0.574 0.013 0.0175
3 0.189375 0.3825 0.01625 0.045
4 0.297125 0.12075 0.07025 0.079
4 0.32975 0.09875 0.0475 0.1355
12 0.399 0.276125 0.0105 0.01025
