13 0.170125 0.138 0.01275 0.006
10 0.63075 0.2795 0.0095 0.01
10 0.104875 0.9885 0.00975 0.0105
10 0.361875 0.749125 0.00625 0.00675
10 0.3585 0.647125 0.006 0.00675
10 0.4255 0.641375 0.006 0.00625
12 0.401875 0.141375 0.00825 0.00875
12 0.4105 0.14075 0.009 0.009
0 0.620125 0.094125 0.01275 0.01175
10 0.44275 0.30325 0.011 0.012
10 0.316625 0.464875 0.00625 0.00675
10 0.640625 0.441125 0.00825 0.00975
10 0.45375 0.455625 0.0105 0.01075
5 0.76325 0.585875 0.0315 0.05225
10 0.90675 0.863875 0.0065 0.00625
10 0.71775 0.9525 0.0075 0.007
10 0.20075 0.4735 0.007 0.008
10 0.308625 0.998 0.00525 0.0045
10 0.14325 0.47075 0.006 0.0065
