2 0.8950366151342555 0.42458279845956354 0.043938161106590726 0.02503209242618742
1 0.69446704637917 0.34146341463414637 0.10333604556550041 0.06675224646983312
1 0.43002441008950365 0.6052631578947368 0.059397884458909686 0.059050064184852376
1 0.4467046379170057 0.6148908857509627 0.061838893409275834 0.059050064184852376
1 0.4625711960943857 0.25641848523748395 0.07892595606183889 0.037869062901155326
1 0.5223759153783564 0.2660462130937099 0.07648494711147275 0.04043645699614891
1 0.47965825874694873 0.35879332477535303 0.10496338486574451 0.06675224646983312
1 0.5134255492270138 0.35526315789473684 0.10577705451586655 0.06611039794608473
1 0.5895036615134256 0.3504492939666239 0.10496338486574451 0.06546854942233633
1 0.6265256305939788 0.3478818998716303 0.10740439381611067 0.06546854942233633
1 0.661513425549227 0.3446726572528883 0.10577705451586655 0.06546854942233633
1 0.6155410903173312 0.41335044929396664 0.10496338486574451 0.06675224646983312
1 0.48128559804719284 0.6351091142490373 0.059397884458909686 0.05840821566110398
1 0.5785191212367778 0.4168806161745828 0.10414971521562245 0.06611039794608473
1 0.5679414157851912 0.4329268292682927 0.10252237591537836 0.06482670089858793
1 0.6529698942229455 0.412387676508344 0.10496338486574451 0.06611039794608473
1 0.6920260374288039 0.41078305519897307 0.10496338486574451 0.06418485237483953
1 0.5048820179007323 0.46598202824133506 0.10496338486574451 0.06546854942233633
1 0.5370219690805533 0.5054557124518614 0.10414971521562245 0.06739409499358151
1 0.6029292107404394 0.522785622593068 0.10577705451586655 0.06611039794608473
1 0.6387306753458096 0.5645057766367138 0.10252237591537836 0.06611039794608473
1 0.708706265256306 0.5850449293966624 0.10577705451586655 0.06482670089858793
1 0.4141578519121237 0.5949935815147626 0.060211554109031735 0.059050064184852376
1 0.3950366151342555 0.5847240051347882 0.06265256305939788 0.057766367137355584
1 0.37957689178193654 0.5750962772785623 0.061025223759153785 0.059050064184852376
1 0.36208299430431246 0.5648267008985879 0.060211554109031735 0.059050064184852376
1 0.3360455655004068 0.3905648267008986 0.10414971521562245 0.06739409499358151
1 0.3205858421480879 0.4040436456996149 0.10577705451586655 0.06611039794608473
1 0.09235150528885272 0.39730423620025673 0.061025223759153785 0.06033376123234917
1 0.12652563059397884 0.4168806161745828 0.059397884458909686 0.05969191270860077
1 0.14483319772172498 0.4268292682926829 0.060211554109031735 0.059050064184852376
1 0.16192026037428803 0.43709884467265725 0.061838893409275834 0.057766367137355584
1 0.16965012205044752 0.4557124518613607 0.061025223759153785 0.057766367137355584
1 0.18917819365337674 0.46501925545571243 0.059397884458909686 0.05840821566110398
1 0.20626525630593978 0.47560975609756095 0.061025223759153785 0.057766367137355584
1 0.2225386493083808 0.4858793324775353 0.061025223759153785 0.059050064184852376
1 0.24003254678600489 0.49550706033376124 0.061838893409275834 0.057766367137355584
1 0.25793327908869 0.5057766367137355 0.060211554109031735 0.06033376123234917
1 0.27502034174125306 0.5144415917843389 0.061838893409275834 0.05840821566110398
1 0.2921074043938161 0.5247111681643132 0.061838893409275834 0.05969191270860077
1 0.3096013018714402 0.5349807445442876 0.061025223759153785 0.05840821566110398
1 0.32628152969894225 0.5452503209242618 0.060211554109031735 0.05840821566110398
1 0.3441822620016273 0.5548780487804879 0.060211554109031735 0.05969191270860077
1 0.40398698128559807 0.40821566110397944 0.10659072416598861 0.0693196405648267
1 0.43449959316517495 0.4470474967907574 0.10577705451586655 0.06482670089858793
1 0.4641985353946298 0.6251604621309371 0.059397884458909686 0.057766367137355584
1 0.49959316517493896 0.6456996148908858 0.060211554109031735 0.057766367137355584
2 0.8751017087062652 0.4159178433889602 0.03661513425549227 0.021822849807445442
2 0.10943856794141578 0.3523748395378691 0.03173311635475997 0.026957637997432605
2 0.2017900732302685 0.048459563543003854 0.030919446704637917 0.022464698331193838
2 0.193246541903987 0.06001283697047497 0.03336045565500407 0.02374839537869063
2 0.18063466232709519 0.0699614890885751 0.03254678600488202 0.025673940949935817
2 0.1712774613506916 0.08087291399229782 0.03336045565500407 0.024390243902439025
2 0.1497152156224573 0.25481386392811295 0.03254678600488202 0.021822849807445442
2 0.19080553295362082 0.2663671373555841 0.03498779495524817 0.02053915275994865
2 0.06550040683482507 0.33119383825417203 0.030105777054515868 0.025673940949935817
2 0.08136696501220504 0.33504492939666236 0.030919446704637917 0.025673940949935817
2 0.09601301871440195 0.34563543003851094 0.027664768104149716 0.02503209242618742
2 0.69446704637917 0.3087291399229782 0.03661513425549227 0.02053915275994865
1 0.51586655817738 0.6543645699614891 0.061838893409275834 0.05840821566110398
2 0.7074857607811229 0.3186777920410783 0.03498779495524817 0.022464698331193838
2 0.725793327908869 0.3283055198973042 0.03580146460537022 0.021181001283697046
2 0.7424735557363711 0.3372913992297818 0.03824247355573637 0.02631578947368421
2 0.758746948738812 0.3488446726572529 0.03498779495524817 0.022464698331193838
2 0.7713588283157038 0.3610397946084724 0.03254678600488202 0.01989730423620026
2 0.7917005695687551 0.36713735558408217 0.03580146460537022 0.023106546854942234
2 0.807567127746135 0.3774069319640565 0.03336045565500407 0.019255455712451863
2 0.839300244100895 0.39569961489088573 0.03336045565500407 0.021181001283697046
2 0.853946297803092 0.40853658536585363 0.03824247355573637 0.02374839537869063
2 0.21847030105777054 0.027599486521181 0.030105777054515868 0.023106546854942234
2 0.11920260374288039 0.03209242618741977 0.03336045565500407 0.023106546854942234
2 0.10781122864117168 0.040757381258023105 0.028478437754271765 0.021181001283697046
2 0.0951993490642799 0.04910141206675225 0.029292107404393815 0.021181001283697046
1 0.5345809601301872 0.6639922978177151 0.061838893409275834 0.05840821566110398
1 0.5512611879576892 0.6742618741976893 0.061025223759153785 0.05969191270860077
1 0.5683482506102523 0.6838896020539152 0.061025223759153785 0.05840821566110398
1 0.5846216436126932 0.6944801026957638 0.061025223759153785 0.059050064184852376
1 0.6045565500406835 0.7037869062901155 0.060211554109031735 0.05840821566110398
1 0.6204231082180635 0.714377406931964 0.059397884458909686 0.059050064184852376
1 0.6379170056956875 0.7249679075738126 0.061838893409275834 0.05969191270860077
1 0.6550040683482506 0.7345956354300385 0.06346623270951994 0.05969191270860077
1 0.6712774613506917 0.7448652118100129 0.060211554109031735 0.05840821566110398
1 0.6895850284784377 0.7551347881899871 0.059397884458909686 0.05840821566110398
1 0.726606997558991 0.4056482670089859 0.10577705451586655 0.06675224646983312
1 0.7607811228641171 0.4030808729139923 0.10414971521562245 0.06675224646983312
1 0.7982099267697315 0.4017971758664955 0.10414971521562245 0.06803594351732992
1 0.7518307567127747 0.4695121951219512 0.10903173311635476 0.06611039794608473
1 0.790480065093572 0.46758664955070606 0.10496338486574451 0.0699614890885751
1 0.823840520748576 0.4637355584082157 0.10170870626525631 0.07124518613607189
1 0.8592351505288853 0.4621309370988447 0.10414971521562245 0.07188703465982028
1 0.7794955248169243 0.579589216944801 0.07323026851098453 0.04878048780487805
2 0.0870626525630594 0.06097560975609756 0.03580146460537022 0.026957637997432605
1 0.2636289666395443 0.2901155327342747 0.07973962571196094 0.03594351732991014
