2 0.8431174089068826 0.8868175765645806 0.030364372469635626 0.02796271637816245
1 0.222165991902834 0.6351531291611185 0.0860323886639676 0.0492676431424767
1 0.4478744939271255 0.5449400798934754 0.11437246963562753 0.07656458055925433
1 0.11032388663967611 0.5429427430093209 0.08299595141700405 0.04860186418109188
1 0.14068825910931174 0.5702396804260985 0.08704453441295547 0.049933422103861515
1 0.16194331983805668 0.581225033288948 0.08704453441295547 0.05059920106524634
1 0.17560728744939272 0.5955392809587217 0.0840080971659919 0.04860186418109188
1 0.19078947368421054 0.609520639147803 0.0860323886639676 0.04860186418109188
1 0.23987854251012145 0.6488015978695073 0.08299595141700405 0.04860186418109188
1 0.4149797570850202 0.5156458055925432 0.11336032388663968 0.07523302263648468
1 0.2565789473684211 0.6604527296937417 0.0860323886639676 0.0492676431424767
1 0.28643724696356276 0.6814247669773635 0.08502024291497975 0.05126498002663116
1 0.30111336032388664 0.6950732356857523 0.08805668016194332 0.05059920106524634
1 0.3173076923076923 0.7080559254327563 0.08805668016194332 0.049933422103861515
1 0.3319838056680162 0.724034620505992 0.08704453441295547 0.05126498002663116
1 0.4640688259109312 0.5612516644474035 0.11437246963562753 0.0758988015978695
1 0.4311740890688259 0.5299600532623169 0.11336032388663968 0.07723035952063914
1 0.3977732793522267 0.5 0.11336032388663968 0.07456724367509987
1 0.49898785425101216 0.5902130492676432 0.11336032388663968 0.07656458055925433
1 0.5096153846153846 0.3132490013315579 0.06983805668016195 0.05126498002663116
1 0.37550607287449395 0.1974034620505992 0.06477732793522267 0.0525965379494008
1 0.3932186234817814 0.20872170439414114 0.06578947368421052 0.05126498002663116
1 0.42206477732793524 0.23468708388814913 0.06882591093117409 0.0525965379494008
1 0.465080971659919 0.27430093209054596 0.06781376518218624 0.05059920106524634
1 0.4797570850202429 0.28761651131824234 0.06680161943319839 0.05059920106524634
1 0.49190283400809715 0.3015978695073236 0.0708502024291498 0.05193075898801598
1 0.5354251012145749 0.3418774966711052 0.07894736842105263 0.05792276964047936
1 0.38208502024291496 0.4856857523302264 0.11639676113360324 0.07523302263648468
1 0.2823886639676113 0.37083888149134486 0.0728744939271255 0.0492676431424767
1 0.2935222672064777 0.39014647137150466 0.0728744939271255 0.04660452729693742
1 0.3132591093117409 0.40312916111850866 0.07186234817813765 0.04727030625832224
1 0.3481781376518219 0.4573901464713715 0.11538461538461539 0.0758988015978695
1 0.12348178137651822 0.4876830892143808 0.06275303643724696 0.0659121171770972
1 0.3633603238866397 0.4737017310252996 0.11336032388663968 0.07523302263648468
1 0.4817813765182186 0.5745672436750998 0.11336032388663968 0.0758988015978695
1 0.5172064777327935 0.6041944074567244 0.11133603238866396 0.07656458055925433
2 0.9493927125506073 0.5236351531291611 0.03643724696356275 0.02729693741677763
2 0.5091093117408907 0.17876165113182424 0.03643724696356275 0.02729693741677763
1 0.7940283400809717 0.7450066577896138 0.09412955465587045 0.03595206391478029
1 0.77834008097166 0.761318242343542 0.0951417004048583 0.03661784287616511
1 0.7403846153846154 0.8099201065246339 0.09412955465587045 0.039280958721704395
1 0.7277327935222672 0.8265645805592543 0.0931174089068826 0.039280958721704395
2 0.3603238866396761 0.04360852197070573 0.03441295546558704 0.02596537949400799
2 0.43775303643724695 0.07290279627163782 0.04149797570850203 0.031291611185086554
2 0.6492914979757085 0.2769640479360852 0.04149797570850203 0.02796271637816245
1 0.8132591093117408 0.7093874833555259 0.09615384615384616 0.03794940079893475
2 0.6907894736842105 0.22769640479360853 0.03744939271255061 0.02796271637816245
2 0.6675101214574899 0.12583222370173103 0.0354251012145749 0.023968042609853527
2 0.8370445344129555 0.12949400798934754 0.05668016194331984 0.02862849533954727
2 0.8365384615384616 0.3518641810918775 0.0354251012145749 0.02463382157123835
2 0.8760121457489879 0.46171770972037285 0.04554655870445344 0.031291611185086554
2 0.9519230769230769 0.4986684420772304 0.04149797570850203 0.03062583222370173
1 0.8041497975708503 0.7293608521970706 0.09210526315789473 0.03661784287616511
1 0.8203441295546559 0.6930758988015979 0.09615384615384616 0.03861517976031957
1 0.5339068825910931 0.6198402130492676 0.11437246963562753 0.0758988015978695
1 0.7034412955465587 0.49833555259653795 0.07489878542510121 0.05659121171770972
1 0.3790485829959514 0.7633155792276964 0.08805668016194332 0.05126498002663116
1 0.4266194331983806 0.8032623169107856 0.07793522267206478 0.04460719041278296
1 0.576417004048583 0.3878162450066578 0.07793522267206478 0.05792276964047936
1 0.5941295546558705 0.4007989347536618 0.07692307692307693 0.05725699067909454
1 0.6614372469635628 0.4540612516644474 0.07591093117408906 0.05858854860186418
1 0.6918016194331984 0.4830226364846871 0.07591093117408906 0.05659121171770972
1 0.7231781376518218 0.5103195739014648 0.07388663967611336 0.05659121171770972
1 0.617914979757085 0.6934087882822902 0.07186234817813765 0.049933422103861515
1 0.7403846153846154 0.5229693741677763 0.06983805668016195 0.05126498002663116
1 0.7520242914979757 0.5406125166444741 0.06680161943319839 0.05059920106524634
1 0.7677125506072875 0.5535952063914781 0.06983805668016195 0.0525965379494008
1 0.5799595141700404 0.6398135818908123 0.07894736842105263 0.05326231691078562
1 0.7682186234817814 0.6334886817576565 0.06477732793522267 0.05392809587217044
1 0.5885627530364372 0.6857523302263648 0.08198380566801619 0.0559254327563249
1 0.3603238866396761 0.18342210386151797 0.058704453441295545 0.04727030625832224
