5 0.6038300418910831 0.6000568504832291 0.20347097546379414 0.38828880045480385
7 0.24266906044284858 0.7322342239909039 0.028126870137642132 0.053439454235361
7 0.17713943746259725 0.7274019329164297 0.02872531418312388 0.052870949403069925
7 0.2097546379413525 0.729107447413303 0.029323758228605626 0.052870949403069925
7 0.2579293836026332 0.5673678226264923 0.02872531418312388 0.053439454235361
7 0.22292040694195092 0.5656623081296192 0.03052064631956912 0.053439454235361
7 0.18970676241771395 0.5625355315520182 0.029922202274087373 0.052870949403069925
6 0.31837223219628963 0.4405912450255827 0.2585278276481149 0.12052302444570778
6 0.6050269299820467 0.599488345650938 0.1412327947336924 0.2427515633882888
6 0.3785158587672053 0.6768050028425242 0.1549970077797726 0.24161455372370666
8 0.796229802513465 0.8473564525298465 0.058049072411729505 0.05741898806139852
8 0.24386594853381208 0.2305287094940307 0.09754637941352484 0.09039226833428084
