2 0.6864608076009501 0.16520650813516896 0.0332541567695962 0.02753441802252816
2 0.5166270783847982 0.16458072590738423 0.026128266033254157 0.023779724655819776
1 0.5356294536817102 0.8410513141426783 0.09738717339667459 0.04005006257822278
2 0.3491686460807601 0.16332916145181478 0.028503562945368172 0.028785982478097622
2 0.4251781472684085 0.16896120150187735 0.023752969121140142 0.025031289111389236
2 0.4489311163895487 0.16145181476846057 0.023752969121140142 0.02002503128911139
2 0.47149643705463185 0.1620775969962453 0.021377672209026127 0.023779724655819776
2 0.49406175771971494 0.1658322903629537 0.023752969121140142 0.026282853566958697
2 0.5415676959619953 0.16645807259073842 0.028503562945368172 0.025031289111389236
1 0.047505938242280284 0.809136420525657 0.09026128266033254 0.01376720901126408
2 0.5653206650831354 0.16520650813516896 0.028503562945368172 0.025031289111389236
2 0.5926365795724465 0.16645807259073842 0.026128266033254157 0.025031289111389236
2 0.3978622327790974 0.22903629536921152 0.04513064133016627 0.012515644555694618
2 0.4513064133016627 0.23028785982478098 0.052256532066508314 0.012515644555694618
2 0.5142517814726841 0.22903629536921152 0.04513064133016627 0.012515644555694618
2 0.4845605700712589 0.295369211514393 0.047505938242280284 0.012515644555694618
1 0.05819477434679335 0.8322903629536921 0.10688836104513064 0.017521902377972465
1 0.4691211401425178 0.6939924906132666 0.10688836104513064 0.01376720901126408
2 0.6603325415676959 0.16145181476846057 0.023752969121140142 0.02252816020025031
1 0.46318289786223277 0.4924906132665832 0.10926365795724466 0.011264080100125156
1 0.7351543942992874 0.29662077596996245 0.1828978622327791 0.017521902377972465
1 0.4524940617577197 0.36295369211514394 0.10688836104513064 0.012515644555694618
1 0.4501187648456057 0.3879849812265332 0.11163895486935867 0.015018773466833541
1 0.4584323040380047 0.4305381727158949 0.11401425178147269 0.017521902377972465
1 0.6330166270783848 0.4637046307884856 0.040380047505938245 0.05131414267834793
1 0.4584323040380047 0.46871088861076343 0.10926365795724466 0.016270337922403004
1 0.4655581947743468 0.5100125156445557 0.10926365795724466 0.011264080100125156
1 0.47268408551068886 0.6745932415519399 0.10926365795724466 0.012515644555694618
1 0.4655581947743468 0.5294117647058824 0.11401425178147269 0.012515644555694618
1 0.4655581947743468 0.5525657071339174 0.11401425178147269 0.01376720901126408
1 0.4655581947743468 0.5694618272841051 0.10926365795724466 0.012515644555694618
1 0.46318289786223277 0.5894868585732165 0.10926365795724466 0.012515644555694618
1 0.4667458432304038 0.6101376720901126 0.11163895486935867 0.01376720901126408
1 0.4821852731591449 0.655819774718398 0.10926365795724466 0.012515644555694618
2 0.48693586698337293 0.31101376720901125 0.04275534441805225 0.011264080100125156
2 0.49643705463182897 0.32540675844806005 0.04275534441805225 0.012515644555694618
2 0.25534441805225655 0.32665832290362956 0.026128266033254157 0.02753441802252816
2 0.8824228028503563 0.8554443053817271 0.0498812351543943 0.01376720901126408
2 0.6235154394299287 0.8948685857321652 0.0498812351543943 0.012515644555694618
2 0.7161520190023754 0.8685857321652065 0.040380047505938245 0.015018773466833541
2 0.5771971496437055 0.8804755944931164 0.057007125890736345 0.01376720901126408
2 0.7256532066508313 0.8548185231539425 0.04513064133016627 0.012515644555694618
2 0.7719714964370546 0.8566958698372966 0.04275534441805225 0.01376720901126408
2 0.8729216152019003 0.8679599499374218 0.040380047505938245 0.011264080100125156
2 0.9216152019002375 0.8648310387984981 0.04275534441805225 0.012515644555694618
2 0.2660332541567696 0.5919899874843555 0.023752969121140142 0.025031289111389236
2 0.8729216152019003 0.8423028785982478 0.0498812351543943 0.012515644555694618
2 0.9251781472684085 0.8304130162703379 0.04513064133016627 0.01376720901126408
2 0.8729216152019003 0.8285356695869838 0.04513064133016627 0.012515644555694618
2 0.7256532066508313 0.8304130162703379 0.040380047505938245 0.01376720901126408
2 0.6175771971496437 0.16332916145181478 0.023752969121140142 0.023779724655819776
2 0.6401425178147269 0.1620775969962453 0.026128266033254157 0.02127659574468085
2 0.7779097387173397 0.8886107634543179 0.0498812351543943 0.012515644555694618
2 0.7731591448931117 0.9030037546933667 0.04513064133016627 0.01376720901126408
2 0.9239904988123515 0.8792240300375469 0.04275534441805225 0.011264080100125156
2 0.9275534441805225 0.8911138923654568 0.05938242280285035 0.010012515644555695
2 0.9287410926365796 0.9036295369211514 0.052256532066508314 0.012515644555694618
2 0.9287410926365796 0.9148936170212766 0.047505938242280284 0.012515644555694618
2 0.9263657957244655 0.9267834793491865 0.047505938242280284 0.011264080100125156
2 0.7743467933491687 0.9399249061326659 0.04275534441805225 0.010012515644555695
2 0.7743467933491687 0.9524405506883604 0.04275534441805225 0.010012515644555695
2 0.9287410926365796 0.9392991239048811 0.047505938242280284 0.011264080100125156
2 0.9275534441805225 0.9630788485607009 0.04513064133016627 0.011264080100125156
2 0.9287410926365796 0.9856070087609512 0.047505938242280284 0.01376720901126408
2 0.5843230403800475 0.990613266583229 0.057007125890736345 0.01376720901126408
2 0.5771971496437055 0.9292866082603254 0.047505938242280284 0.01376720901126408
2 0.46080760095011875 0.9430538172715894 0.04275534441805225 0.01376720901126408
2 0.28741092636579574 0.9292866082603254 0.047505938242280284 0.028785982478097622
2 0.2672209026128266 0.6226533166458073 0.026128266033254157 0.023779724655819776
1 0.4501187648456057 0.34355444305381727 0.09738717339667459 0.01376720901126408
