2 0.11346633416458853 0.08213859020310633 0.020448877805486283 0.016129032258064516
1 0.8750623441396509 0.8518518518518519 0.01945137157107232 0.06332138590203107
1 0.6059850374064838 0.8127240143369175 0.013965087281795512 0.04958183990442055
1 0.6206982543640898 0.8192951015531661 0.01945137157107232 0.06989247311827956
1 0.6359102244389028 0.8225806451612904 0.016957605985037406 0.06571087216248507
1 0.6630922693266833 0.822879330943847 0.018453865336658354 0.06750298685782556
1 0.6768079800498753 0.8237753882915173 0.017955112219451373 0.06451612903225806
1 0.7034912718204489 0.8285543608124253 0.020448877805486283 0.06571087216248507
1 0.7172069825436409 0.8333333333333334 0.016957605985037406 0.06332138590203107
1 0.743142144638404 0.8369175627240143 0.0199501246882793 0.06451612903225806
1 0.7586034912718205 0.8360215053763441 0.018952618453865335 0.06989247311827956
1 0.7733167082294264 0.8402031063321386 0.01945137157107232 0.06511350059737156
1 0.786783042394015 0.8402031063321386 0.018453865336658354 0.06869772998805257
1 0.8032418952618454 0.8413978494623656 0.018453865336658354 0.06750298685782556
1 0.8179551122194514 0.8437873357228196 0.0199501246882793 0.06750298685782556
1 0.8443890274314214 0.8434886499402628 0.0199501246882793 0.07048984468339307
1 0.8680798004987531 0.777479091995221 0.020448877805486283 0.06630824372759857
1 0.5800498753117207 0.8133213859020311 0.01596009975062344 0.05197132616487455
1 0.8840399002493765 0.767921146953405 0.018453865336658354 0.06630824372759857
1 0.8119700748129676 0.14038231780167265 0.017955112219451373 0.05973715651135006
1 0.7511221945137158 0.14456391875746716 0.016957605985037406 0.053763440860215055
1 0.43241895261845387 0.9304062126642771 0.040897755610972565 0.026881720430107527
2 0.012468827930174564 0.30824372759856633 0.017955112219451373 0.03345280764635603
2 0.29002493765586035 0.34767025089605735 0.012468827930174564 0.03464755077658303
2 0.2880299251870324 0.3151135005973716 0.010473815461346634 0.025686977299880526
2 0.09725685785536159 0.6971326164874552 0.011970074812967581 0.027479091995221028
2 0.11895261845386533 0.7025089605734767 0.009476309226932668 0.021505376344086023
2 0.13117206982543642 0.7066905615292712 0.010972568578553617 0.03225806451612903
2 0.15236907730673316 0.7072879330943848 0.009476309226932668 0.025089605734767026
2 0.17331670822942644 0.706989247311828 0.011471321695760598 0.022102747909199524
2 0.18453865336658354 0.7096774193548387 0.011970074812967581 0.025089605734767026
2 0.2177057356608479 0.7063918757467145 0.010473815461346634 0.026881720430107527
1 0.5932668329177058 0.8130227001194743 0.015461346633416459 0.05017921146953405
1 0.5650872817955113 0.8124253285543608 0.014962593516209476 0.05017921146953405
2 0.2396508728179551 0.7060931899641577 0.010473815461346634 0.025089605734767026
1 0.3069825436408978 0.4411589008363202 0.05336658354114713 0.016129032258064516
1 0.1915211970074813 0.21236559139784947 0.03890274314214464 0.061529271206690564
1 0.2084788029925187 0.21117084826762247 0.03690773067331671 0.06033452807646356
1 0.23940149625935161 0.21236559139784947 0.03790523690773067 0.061529271206690564
1 0.27281795511221946 0.20937873357228196 0.03690773067331671 0.06033452807646356
1 0.2890274314214464 0.21057347670250895 0.038403990024937655 0.061529271206690564
1 0.30623441396508727 0.20997610513739545 0.03890274314214464 0.06033452807646356
1 0.3376558603491272 0.21057347670250895 0.03890274314214464 0.06033452807646356
1 0.3543640897755611 0.20758661887694146 0.03740648379052369 0.06033452807646356
1 0.371571072319202 0.20818399044205496 0.03890274314214464 0.05913978494623656
1 0.31321695760598506 0.33811230585424135 0.012967581047381545 0.06332138590203107
1 0.33017456359102243 0.33602150537634407 0.014962593516209476 0.061529271206690564
1 0.13615960099750624 0.38500597371565115 0.014962593516209476 0.06511350059737156
1 0.2538653366583541 0.3826164874551971 0.05885286783042394 0.016129032258064516
1 0.23192019950124687 0.4393667861409797 0.055860349127182046 0.017323775388291517
1 0.38728179551122194 0.20758661887694146 0.038403990024937655 0.061529271206690564
1 0.4399002493765586 0.39755077658303467 0.04389027431421447 0.016129032258064516
1 0.40523690773067333 0.20639187574671444 0.038403990024937655 0.05913978494623656
1 0.4204488778054863 0.2072879330943847 0.03890274314214464 0.06093189964157706
1 0.45062344139650873 0.20997610513739545 0.04039900249376559 0.05913978494623656
1 0.4685785536159601 0.2060931899641577 0.03940149625935162 0.05854241338112306
1 0.5012468827930174 0.20519713261648745 0.0399002493765586 0.05913978494623656
1 0.5349127182044888 0.2031063321385902 0.04039900249376559 0.05973715651135006
1 0.5678304239401496 0.24372759856630824 0.057356608478802994 0.019115890083632018
1 0.5683291770573566 0.2616487455197133 0.058354114713216956 0.016726403823178016
1 0.5675810473815461 0.279868578255675 0.05685785536159601 0.017323775388291517
1 0.5685785536159601 0.31660692951015534 0.05785536159600998 0.016726403823178016
1 0.5685785536159601 0.3342293906810036 0.05685785536159601 0.017323775388291517
1 0.5685785536159601 0.35304659498207885 0.05785536159600998 0.015531660692951015
1 0.5693266832917706 0.3715651135005974 0.057356608478802994 0.016726403823178016
1 0.3750623441396509 0.38410991636798086 0.05685785536159601 0.017921146953405017
2 0.22917705735660848 0.7072879330943848 0.010473815461346634 0.02867383512544803
2 0.25012468827930173 0.7063918757467145 0.010473815461346634 0.022102747909199524
2 0.08703241895261846 0.11170848267622462 0.02543640897755611 0.016726403823178016
2 0.7463840399002494 0.6433691756272402 0.02144638403990025 0.013142174432497013
2 0.8219451371571073 0.036738351254480286 0.010972568578553617 0.025686977299880526
2 0.8553615960099751 0.038231780167264036 0.013965087281795512 0.023894862604540025
2 0.6261845386533665 0.6311230585424134 0.020448877805486283 0.023297491039426525
2 0.6344139650872818 0.6406810035842294 0.022942643391521196 0.026881720430107527
2 0.643142144638404 0.6490442054958184 0.01945137157107232 0.024492234169653525
2 0.6748129675810474 0.6445639187574671 0.0199501246882793 0.013142174432497013
2 0.6755610972568579 0.6580047789725209 0.01945137157107232 0.011350059737156512
2 0.7019950124688279 0.6583034647550776 0.020448877805486283 0.013142174432497013
2 0.7027431421446384 0.6717443249701314 0.0199501246882793 0.013739545997610514
2 0.6810473815461346 0.6729390681003584 0.022443890274314215 0.012544802867383513
2 0.7034912718204489 0.6854838709677419 0.022443890274314215 0.013739545997610514
2 0.6788029925187032 0.6845878136200717 0.0199501246882793 0.013142174432497013
2 0.700498753117207 0.698626045400239 0.018453865336658354 0.013739545997610514
2 0.7443890274314214 0.6574074074074074 0.018453865336658354 0.012544802867383513
2 0.770573566084788 0.6681600955794504 0.018952618453865335 0.014934289127837515
2 0.5728179551122194 0.6971326164874552 0.024438902743142144 0.027479091995221028
2 0.7456359102244389 0.6836917562724014 0.020947630922693267 0.012544802867383513
2 0.7481296758104738 0.6974313022700119 0.022942643391521196 0.013739545997610514
2 0.7700748129675811 0.7105734767025089 0.021945137157107233 0.013739545997610514
2 0.813216957605985 0.6992234169653524 0.02144638403990025 0.014934289127837515
2 0.8344139650872818 0.7075866188769414 0.018952618453865335 0.013739545997610514
2 0.813216957605985 0.7105734767025089 0.017456359102244388 0.013739545997610514
2 0.8356608478802993 0.6415770609318996 0.02144638403990025 0.014336917562724014
2 0.8778054862842892 0.7222222222222222 0.018952618453865335 0.013142174432497013
2 0.8780548628428928 0.7054958183990442 0.022443890274314215 0.011947431302270013
2 0.8825436408977556 0.6914575866188769 0.02144638403990025 0.013739545997610514
2 0.9087281795511222 0.5698924731182796 0.0199501246882793 0.015531660692951015
2 0.9251870324189526 0.03524492234169654 0.010972568578553617 0.026284348864994027
2 0.08354114713216958 0.025985663082437275 0.022443890274314215 0.016129032258064516
2 0.19950124688279303 0.06780167264038232 0.02493765586034913 0.01971326164874552
2 0.3396508728179551 0.05316606929510155 0.03890274314214464 0.027479091995221028
2 0.5496259351620948 0.736857825567503 0.02593516209476309 0.03046594982078853
2 0.2625935162094763 0.7078853046594982 0.010473815461346634 0.02867383512544803
2 0.26059850374064836 0.7697132616487455 0.011471321695760598 0.02927120669056153
2 0.27256857855361594 0.7072879330943848 0.009476309226932668 0.02986857825567503
2 0.2835411471321696 0.7051971326164874 0.008478802992518703 0.024492234169653525
2 0.2947630922693267 0.7043010752688172 0.00997506234413965 0.026284348864994027
2 0.07556109725685786 0.7601553166069295 0.014463840399002495 0.025686977299880526
2 0.08628428927680798 0.7622461170848268 0.00997506234413965 0.023894862604540025
2 0.09775561097256857 0.7652329749103942 0.00997506234413965 0.021505376344086023
2 0.11945137157107232 0.7697132616487455 0.013466334164588529 0.024492234169653525
2 0.13067331670822943 0.769115890083632 0.011970074812967581 0.028076463560334528
2 0.14089775561097256 0.7706093189964157 0.013466334164588529 0.03106332138590203
2 0.15211970074812967 0.7718040621266428 0.010972568578553617 0.03106332138590203
2 0.16508728179551121 0.7700119474313023 0.010972568578553617 0.02986857825567503
2 0.18503740648379052 0.7700119474313023 0.00997506234413965 0.027479091995221028
2 0.19576059850374064 0.7721027479091995 0.011471321695760598 0.028076463560334528
2 0.23017456359102245 0.7700119474313023 0.011471321695760598 0.02867383512544803
2 0.2730673316708229 0.7718040621266428 0.011471321695760598 0.027479091995221028
2 0.3488778054862843 0.7031063321385902 0.011471321695760598 0.027479091995221028
2 0.28403990024937653 0.7694145758661888 0.011471321695760598 0.027479091995221028
2 0.2947630922693267 0.771505376344086 0.00997506234413965 0.023297491039426525
2 0.30498753117206984 0.7709080047789725 0.011471321695760598 0.024492234169653525
2 0.3162094763092269 0.7697132616487455 0.010972568578553617 0.024492234169653525
2 0.16608478802992518 0.8709677419354839 0.022942643391521196 0.016726403823178016
2 0.18503740648379052 0.910394265232975 0.012967581047381545 0.026284348864994027
2 0.23566084788029926 0.9366786140979689 0.02344139650872818 0.019115890083632018
2 0.2770573566084788 0.8954599761051374 0.022443890274314215 0.019115890083632018
2 0.32743142144638404 0.7706093189964157 0.010473815461346634 0.027479091995221028
2 0.33915211970074816 0.77389486260454 0.012967581047381545 0.023297491039426525
2 0.35012468827930177 0.772700119474313 0.010972568578553617 0.025686977299880526
2 0.39376558603491274 0.7075866188769414 0.010473815461346634 0.024492234169653525
2 0.38229426433915215 0.6851851851851852 0.011471321695760598 0.03464755077658303
2 0.36034912718204487 0.7066905615292712 0.014463840399002495 0.027479091995221028
1 0.1401496259351621 0.21385902031063322 0.0399002493765586 0.06332138590203107
