1 0.3545727136431784 0.11942959001782531 0.06746626686656672 0.0659536541889483
1 0.5487256371814093 0.8150623885918004 0.041979010494752625 0.06327985739750445
1 0.24662668665667167 0.7642602495543672 0.019490254872563718 0.06862745098039216
1 0.27886056971514245 0.7691622103386809 0.014992503748125937 0.0659536541889483
1 0.32533733133433285 0.801693404634581 0.017991004497751123 0.06684491978609626
1 0.43103448275862066 0.8529411764705882 0.013493253373313344 0.0659536541889483
1 0.5217391304347826 0.732174688057041 0.020989505247376312 0.06684491978609626
1 0.545727136431784 0.7335115864527629 0.017991004497751123 0.0659536541889483
1 0.5659670164917541 0.732174688057041 0.01649175412293853 0.06684491978609626
1 0.5884557721139431 0.732620320855615 0.01649175412293853 0.0677361853832442
1 0.6071964017991005 0.7544563279857398 0.014992503748125937 0.06684491978609626
1 0.1724137931034483 0.4037433155080214 0.017991004497751123 0.06951871657754011
1 0.24587706146926536 0.39928698752228164 0.020989505247376312 0.06417112299465241
1 0.3305847076461769 0.4050802139037433 0.01649175412293853 0.06684491978609626
1 0.8470764617691154 0.786096256684492 0.1199400299850075 0.0106951871657754
1 0.17691154422788605 0.6011586452762924 0.017991004497751123 0.06684491978609626
1 0.5487256371814093 0.5124777183600713 0.017991004497751123 0.0659536541889483
1 0.5269865067466267 0.4959893048128342 0.019490254872563718 0.06327985739750445
1 0.6131934032983508 0.232174688057041 0.020989505247376312 0.06506238859180036
1 0.6341829085457271 0.2339572192513369 0.017991004497751123 0.06506238859180036
1 0.2331334332833583 0.1408199643493761 0.06146926536731634 0.0196078431372549
1 0.17091454272863568 0.18983957219251338 0.017991004497751123 0.040998217468805706
1 0.5224887556221889 0.8065953654188949 0.02848575712143928 0.06060606060606061
1 0.12518740629685157 0.7615864527629234 0.019490254872563718 0.07040998217468805
