2 0.40234375 0.6712239583333334 0.036458333333333336 0.04296875
2 0.4654947916666667 0.6809895833333334 0.032552083333333336 0.041666666666666664
1 0.4674479166666667 0.29296875 0.16145833333333334 0.0625
1 0.4186197916666667 0.3756510416666667 0.16536458333333334 0.061197916666666664
1 0.408203125 0.408203125 0.16276041666666666 0.06380208333333333
1 0.388671875 0.4329427083333333 0.16276041666666666 0.06901041666666667
1 0.3776041666666667 0.4622395833333333 0.16145833333333334 0.06770833333333333
1 0.361328125 0.4928385416666667 0.16536458333333334 0.061197916666666664
1 0.345703125 0.5208333333333334 0.16276041666666666 0.059895833333333336
1 0.3307291666666667 0.5494791666666666 0.16145833333333334 0.0625
1 0.830078125 0.28125 0.16015625 0.06510416666666667
1 0.8294270833333334 0.375 0.16145833333333334 0.06510416666666667
1 0.8203125 0.4049479166666667 0.171875 0.06510416666666667
1 0.8274739583333334 0.44140625 0.15755208333333334 0.06510416666666667
1 0.8151041666666666 0.46875 0.16145833333333334 0.06510416666666667
1 0.81640625 0.50390625 0.171875 0.06770833333333333
1 0.818359375 0.5358072916666666 0.16276041666666666 0.06901041666666667
1 0.8131510416666666 0.5677083333333334 0.16015625 0.06510416666666667
1 0.8053385416666666 0.595703125 0.16015625 0.06640625
1 0.7884114583333334 0.6263020833333334 0.17317708333333334 0.0703125
1 0.7630208333333334 0.6516927083333334 0.15104166666666666 0.06640625
1 0.7571614583333334 0.6868489583333334 0.15755208333333334 0.06380208333333333
2 0.9420572916666666 0.431640625 0.032552083333333336 0.048177083333333336
2 0.564453125 0.783203125 0.032552083333333336 0.053385416666666664
2 0.5305989583333334 0.7884114583333334 0.02734375 0.048177083333333336
2 0.49609375 0.7975260416666666 0.028645833333333332 0.040364583333333336
2 0.4615885416666667 0.7994791666666666 0.02734375 0.044270833333333336
2 0.427734375 0.7942708333333334 0.02734375 0.041666666666666664
2 0.498046875 0.6822916666666666 0.032552083333333336 0.044270833333333336
1 0.5006510416666666 0.20377604166666666 0.15755208333333334 0.061197916666666664
