2 0.9399830938292477 0.08861111111111111 0.042265426880811495 0.017222222222222222
1 0.6335587489433643 0.8547222222222223 0.026204564666103127 0.05722222222222222
1 0.3055790363482671 0.7094444444444444 0.06170752324598478 0.04666666666666667
1 0.31783601014370244 0.7461111111111111 0.055790363482671176 0.044444444444444446
1 0.32671174978867284 0.7655555555555555 0.058326289095519866 0.04777777777777778
1 0.36010143702451397 0.7908333333333334 0.0253592561284869 0.05277777777777778
1 0.38292476754015214 0.7994444444444444 0.023668639053254437 0.05333333333333334
1 0.4061707523245985 0.8055555555555556 0.026204564666103127 0.052222222222222225
1 0.4746407438715131 0.8216666666666667 0.026204564666103127 0.05333333333333334
1 0.4987320371935757 0.8280555555555555 0.0253592561284869 0.05277777777777778
1 0.7442941673710904 0.8775 0.024513947590870666 0.05611111111111111
1 0.7202028740490279 0.8772222222222222 0.023668639053254437 0.05333333333333334
1 0.6973795435333897 0.8736111111111111 0.023668639053254437 0.05611111111111111
1 0.6534234995773457 0.8619444444444444 0.023668639053254437 0.05611111111111111
1 0.610312764158918 0.8547222222222223 0.023668639053254437 0.05277777777777778
1 0.5169061707523246 0.7094444444444444 0.06846999154691462 0.04555555555555556
1 0.5879120879120879 0.8488888888888889 0.02282333051563821 0.052222222222222225
1 0.5659340659340659 0.8436111111111111 0.02282333051563821 0.05277777777777778
1 0.5426880811496196 0.8377777777777777 0.02197802197802198 0.052222222222222225
1 0.5190194420963652 0.8322222222222222 0.027049873203719356 0.05333333333333334
1 0.7696534234995773 0.7591666666666667 0.04142011834319527 0.058333333333333334
1 0.7459847844463229 0.7555555555555555 0.039729501267962805 0.05444444444444444
1 0.7223161453930684 0.7530555555555556 0.03634826711749789 0.05611111111111111
1 0.6825866441251056 0.7405555555555555 0.039729501267962805 0.052222222222222225
1 0.6601859678782755 0.7383333333333333 0.03550295857988166 0.05333333333333334
1 0.636094674556213 0.7333333333333333 0.039729501267962805 0.05333333333333334
1 0.595519864750634 0.7227777777777777 0.06846999154691462 0.043333333333333335
1 0.5680473372781065 0.7180555555555556 0.06424344885883347 0.04722222222222222
1 0.4513947590870668 0.6905555555555556 0.08622147083685545 0.02666666666666667
1 0.44928148774302623 0.6747222222222222 0.08368554522400676 0.026111111111111113
1 0.30050718512256974 0.6908333333333333 0.060016906170752324 0.04722222222222222
1 0.29501267962806427 0.6705555555555556 0.06255283178360102 0.04777777777777778
1 0.2713440405748098 0.17416666666666666 0.0676246830092984 0.026111111111111113
1 0.26162299239222314 0.18861111111111112 0.06170752324598478 0.021666666666666667
1 0.21428571428571427 0.2863888888888889 0.0650887573964497 0.050555555555555555
1 0.2176669484361792 0.3063888888888889 0.0650887573964497 0.049444444444444444
1 0.2261200338123415 0.3477777777777778 0.060016906170752324 0.04777777777777778
1 0.22696534234995774 0.37277777777777776 0.06170752324598478 0.051111111111111114
1 0.23330515638207946 0.39222222222222225 0.060862214708368556 0.04888888888888889
1 0.23922231614539308 0.4111111111111111 0.060862214708368556 0.04888888888888889
1 0.2404902789518174 0.4325 0.06339814032121724 0.04833333333333333
1 0.24978867286559595 0.45 0.060016906170752324 0.04666666666666667
1 0.2510566356720203 0.4708333333333333 0.060862214708368556 0.04611111111111111
1 0.25359256128486896 0.49277777777777776 0.06255283178360102 0.051111111111111114
1 0.2599323753169907 0.5113888888888889 0.0566356720202874 0.04722222222222222
1 0.2607776838546069 0.5325 0.06339814032121724 0.049444444444444444
1 0.2624683009298394 0.5555555555555556 0.06170752324598478 0.04777777777777778
1 0.268385460693153 0.5752777777777778 0.0650887573964497 0.04833333333333333
1 0.27557058326289097 0.5941666666666666 0.05917159763313609 0.04833333333333333
1 0.41335587489433645 0.5852777777777778 0.08284023668639054 0.026111111111111113
1 0.2789518174133559 0.6127777777777778 0.05917159763313609 0.04666666666666667
1 0.2857142857142857 0.6333333333333333 0.06424344885883347 0.04888888888888889
1 0.426458157227388 0.6077777777777778 0.08199492814877431 0.02666666666666667
1 0.4361792054099746 0.6263888888888889 0.08114961961115807 0.02388888888888889
1 0.4370245139475909 0.6416666666666667 0.08622147083685545 0.02666666666666667
1 0.29120879120879123 0.6508333333333334 0.06170752324598478 0.04611111111111111
1 0.4467455621301775 0.6594444444444445 0.08030431107354184 0.025555555555555557
1 0.5426880811496196 0.715 0.06931530008453085 0.04555555555555556
1 0.7954353338968724 0.6988888888888889 0.03888419273034658 0.057777777777777775
2 0.9277261200338124 0.10916666666666666 0.03127641589180051 0.01611111111111111
2 0.6056635672020287 0.6463888888888889 0.027895181741335588 0.02722222222222222
2 0.5714285714285714 0.135 0.032121724429416736 0.014444444444444444
2 0.5016906170752324 0.12083333333333333 0.03634826711749789 0.017222222222222222
2 0.5621301775147929 0.19194444444444445 0.02197802197802198 0.025
2 0.36770921386306 0.21305555555555555 0.03550295857988166 0.013888888888888888
2 0.3689771766694844 0.22583333333333333 0.03634826711749789 0.017222222222222222
2 0.6762468300929839 0.2625 0.03550295857988166 0.017222222222222222
2 0.6639898562975486 0.2833333333333333 0.034657650042265425 0.016666666666666666
2 0.3706677937447168 0.3458333333333333 0.03296703296703297 0.013888888888888888
2 0.3647506339814032 0.3572222222222222 0.034657650042265425 0.014444444444444444
2 0.3626373626373626 0.37694444444444447 0.030431107354184278 0.012777777777777779
2 0.363905325443787 0.5063888888888889 0.03296703296703297 0.012777777777777779
2 0.573541842772612 0.6425 0.024513947590870666 0.021666666666666667
2 0.6208791208791209 0.6525 0.024513947590870666 0.026111111111111113
1 0.7730346576500423 0.6980555555555555 0.039729501267962805 0.05277777777777778
2 0.5612848689771767 0.6655555555555556 0.023668639053254437 0.022222222222222223
2 0.5786136939983094 0.6675 0.024513947590870666 0.02388888888888889
2 0.5976331360946746 0.6697222222222222 0.0253592561284869 0.026111111111111113
2 0.610312764158918 0.675 0.02197802197802198 0.02
2 0.9573119188503804 0.9611111111111111 0.04311073541842773 0.02
2 0.9628064243448858 0.9502777777777778 0.04564666103127642 0.020555555555555556
2 0.9699915469146239 0.9325 0.044801352493660185 0.020555555555555556
2 0.8144547759932376 0.8622222222222222 0.03803888419273035 0.01888888888888889
2 0.8355874894336432 0.8238888888888889 0.034657650042265425 0.016666666666666666
2 0.6551141166525782 0.3063888888888889 0.037193575655114115 0.017222222222222222
2 0.8753169907016061 0.14333333333333334 0.034657650042265425 0.015555555555555555
2 0.9234995773457312 0.13194444444444445 0.03803888419273035 0.018333333333333333
2 0.5333896872358411 0.1275 0.028740490278951817 0.013888888888888888
2 0.614116652578191 0.095 0.03296703296703297 0.015555555555555555
2 0.06170752324598478 0.8791666666666667 0.023668639053254437 0.03833333333333333
2 0.07861369399830938 0.8405555555555555 0.05917159763313609 0.016666666666666666
1 0.7514792899408284 0.6905555555555556 0.042265426880811495 0.056666666666666664
1 0.7295012679628065 0.6825 0.03888419273034658 0.05722222222222222
1 0.705832628909552 0.68 0.04395604395604396 0.05555555555555555
1 0.6830092983939138 0.6738888888888889 0.04057480980557904 0.05444444444444444
1 0.6610312764158918 0.6741666666666667 0.04057480980557904 0.058333333333333334
1 0.6741335587489433 0.6125 0.08199492814877431 0.026111111111111113
1 0.55156382079459 0.6133333333333333 0.11918850380388842 0.03222222222222222
1 0.518596787827557 0.5852777777777778 0.08030431107354184 0.026111111111111113
1 0.5012679628064244 0.07472222222222222 0.07776838546069316 0.026111111111111113
1 0.8017751479289941 0.12833333333333333 0.073541842772612 0.023333333333333334
1 0.6694843617920541 0.15388888888888888 0.05917159763313609 0.021111111111111112
2 0.2265426880811496 0.03638888888888889 0.03550295857988166 0.01611111111111111
2 0.23372781065088757 0.2325 0.03127641589180051 0.013888888888888888
2 0.3524936601859679 0.24138888888888888 0.03550295857988166 0.01611111111111111
2 0.3508030431107354 0.25277777777777777 0.0338123415046492 0.016666666666666666
2 0.33770076077768385 0.2991666666666667 0.03296703296703297 0.013888888888888888
2 0.3355874894336433 0.31194444444444447 0.032121724429416736 0.012777777777777779
2 0.037193575655114115 0.6558333333333334 0.037193575655114115 0.011666666666666667
2 0.024936601859678782 0.6802777777777778 0.01775147928994083 0.021666666666666667
2 0.040997464074387154 0.6947222222222222 0.03127641589180051 0.010555555555555556
2 0.0452240067624683 0.7572222222222222 0.058326289095519866 0.012222222222222223
2 0.03169907016060862 0.7775 0.05325443786982249 0.012777777777777779
2 0.03888419273034658 0.7880555555555555 0.04564666103127642 0.012777777777777779
2 0.07227387996618766 0.8069444444444445 0.06170752324598478 0.01611111111111111
2 0.07565511411665257 0.8238888888888889 0.060016906170752324 0.014444444444444444
1 0.28951817413355874 0.16083333333333333 0.07016060862214708 0.02277777777777778
