1 0.8100124378109452 0.38334901222953904 0.06902985074626866 0.04797742238946378
1 0.38588308457711445 0.5014111006585137 0.10634328358208955 0.06961429915333961
1 0.16138059701492538 0.3405456255879586 0.07276119402985075 0.05456255879586077
1 0.16511194029850745 0.3715898400752587 0.07027363184079602 0.05079962370649106
1 0.17039800995024876 0.40122295390404517 0.07213930348258707 0.053621825023518345
1 0.17568407960199006 0.4341486359360301 0.07027363184079602 0.053621825023518345
1 0.2080223880597015 0.5804327375352775 0.07151741293532338 0.05268109125117592
1 0.21237562189054726 0.6105362182502352 0.07151741293532338 0.05268109125117592
1 0.21828358208955223 0.6415804327375353 0.0708955223880597 0.05456255879586077
1 0.3351990049751244 0.23189087488240828 0.10696517412935323 0.06867356538099718
1 0.35323383084577115 0.32079021636876764 0.10696517412935323 0.07149576669802446
1 0.3582089552238806 0.3513640639698965 0.1044776119402985 0.06867356538099718
1 0.36411691542288555 0.3791157102539981 0.10509950248756218 0.06961429915333961
1 0.36691542288557216 0.41251175917215427 0.10820895522388059 0.06867356538099718
1 0.3756218905472637 0.44026340545625586 0.10572139303482588 0.06961429915333961
1 0.37966417910447764 0.4708372530573848 0.10509950248756218 0.07243650047036689
1 0.39365671641791045 0.5305738476011289 0.10696517412935323 0.07149576669802446
1 0.8019278606965174 0.31514581373471307 0.07027363184079602 0.05268109125117592
1 0.5444651741293532 0.138758231420508 0.10509950248756218 0.07055503292568203
1 0.5503731343283582 0.16839134524929444 0.10820895522388059 0.0658513640639699
1 0.5553482587064676 0.19708372530573848 0.10572139303482588 0.07243650047036689
1 0.5612562189054726 0.2262464722483537 0.10509950248756218 0.07243650047036689
1 0.5671641791044776 0.2572906867356538 0.10572139303482588 0.07431796801505174
1 0.5733830845771144 0.2869238005644403 0.10572139303482588 0.07337723424270931
1 0.5799129353233831 0.3179680150517404 0.10509950248756218 0.07149576669802446
1 0.585820895522388 0.34666039510818436 0.1044776119402985 0.07055503292568203
1 0.5939054726368159 0.37582314205079964 0.10696517412935323 0.07243650047036689
1 0.597636815920398 0.4059266227657573 0.1044776119402985 0.07431796801505174
1 0.7608830845771144 0.16509877704609596 0.07027363184079602 0.053621825023518345
1 0.7686567164179104 0.19332079021636878 0.0708955223880597 0.05738476011288805
1 0.7804726368159204 0.26575729068673565 0.0708955223880597 0.053621825023518345
1 0.7854477611940298 0.29115710253998117 0.06965174129353234 0.05174035747883349
1 0.15391791044776118 0.30997177798682973 0.07276119402985075 0.053621825023518345
