1 0.8276501111934766 0.3227969348659004 0.025945144551519646 0.05555555555555555
1 0.8180133432171979 0.3113026819923372 0.02446256486286138 0.05363984674329502
1 0.4414381022979985 0.796455938697318 0.03187546330615271 0.08333333333333333
1 0.4106745737583395 0.8122605363984674 0.0340993328391401 0.0842911877394636
1 0.34877687175685695 0.8491379310344828 0.033358042994810974 0.08333333333333333
1 0.3443291326908821 0.7313218390804598 0.04225352112676056 0.031609195402298854
1 0.3921423276501112 0.6115900383141762 0.04002965159377316 0.029693486590038315
1 0.3765752409191994 0.6202107279693486 0.04002965159377316 0.031609195402298854
1 0.38917716827279464 0.5344827586206896 0.06375092661230541 0.0421455938697318
1 0.38139362490733875 0.5138888888888888 0.06449221645663454 0.04118773946360153
1 0.37546330615270573 0.49473180076628354 0.06300963676797627 0.04310344827586207
1 0.4329132690882135 0.42528735632183906 0.023721275018532245 0.05363984674329502
1 0.3621200889547813 0.45689655172413796 0.06449221645663454 0.044061302681992334
1 0.33432171979243885 0.3783524904214559 0.06375092661230541 0.0421455938697318
1 0.32802075611564124 0.3587164750957854 0.06449221645663454 0.04310344827586207
1 0.405114899925871 0.3448275862068966 0.022979985174203115 0.05363984674329502
1 0.39621942179392144 0.32567049808429116 0.02446256486286138 0.05555555555555555
1 0.3899184581171238 0.303639846743295 0.025203854707190512 0.05363984674329502
1 0.3076352853965901 0.30028735632183906 0.06375092661230541 0.04310344827586207
1 0.2894736842105263 0.25909961685823757 0.06300963676797627 0.04118773946360153
1 0.2853965900667161 0.2413793103448276 0.06226834692364715 0.038314176245210725
1 0.34877687175685695 0.18438697318007663 0.02446256486286138 0.05459770114942529
1 0.4592290585618977 0.02490421455938697 0.02742772424017791 0.04789272030651341
1 0.48851000741289846 0.1096743295019157 0.0340993328391401 0.07567049808429119
1 0.26575240919199405 0.8668582375478927 0.025945144551519646 0.05747126436781609
1 0.27687175685693105 0.48084291187739464 0.03187546330615271 0.0842911877394636
1 0.24166048925129727 0.38409961685823757 0.03261675315048184 0.08237547892720307
1 0.23424759080800592 0.367816091954023 0.03261675315048184 0.0842911877394636
1 0.22498146775389177 0.3553639846743295 0.033358042994810974 0.0842911877394636
1 0.20533728687916974 0.2883141762452107 0.0340993328391401 0.0842911877394636
1 0.1771682727946627 0.24042145593869732 0.03261675315048184 0.08237547892720307
1 0.4981467753891772 0.7777777777777778 0.02223869532987398 0.05747126436781609
1 0.4985174203113417 0.7318007662835249 0.025945144551519646 0.05747126436781609
1 0.45181616011860637 0.23275862068965517 0.04225352112676056 0.034482758620689655
1 0.717939214232765 0.3227969348659004 0.03187546330615271 0.08620689655172414
1 0.8810229799851742 0.25287356321839083 0.05856189770200148 0.038314176245210725
1 0.7865085248332098 0.2418582375478927 0.031134173461823574 0.07567049808429119
1 0.765752409191994 0.18007662835249041 0.031134173461823574 0.07854406130268199
1 0.859896219421794 0.19300766283524903 0.05930318754633061 0.039272030651340994
1 0.8535952557449963 0.1728927203065134 0.05856189770200148 0.039272030651340994
1 0.8480355819125278 0.15469348659003831 0.05930318754633061 0.039272030651340994
1 0.8380281690140845 0.13218390804597702 0.05856189770200148 0.038314176245210725
1 0.8339510748702743 0.11350574712643678 0.05930318754633061 0.039272030651340994
1 0.7524091919940696 0.027298850574712645 0.023721275018532245 0.04693486590038314
1 0.5893254262416605 0.7241379310344828 0.023721275018532245 0.05555555555555555
1 0.5441067457375834 0.7509578544061303 0.023721275018532245 0.05747126436781609
1 0.687175685693106 0.5502873563218391 0.023721275018532245 0.05842911877394636
1 0.7323943661971831 0.36446360153256707 0.0340993328391401 0.08333333333333333
1 0.7112676056338029 0.3045977011494253 0.03187546330615271 0.08620689655172414
1 0.4570051890289103 0.24808429118773948 0.04225352112676056 0.03639846743295019
1 0.6534469977761305 0.40948275862068967 0.033358042994810974 0.08524904214559387
1 0.6449221645663454 0.3931992337164751 0.03261675315048184 0.08524904214559387
1 0.640103780578206 0.36302681992337166 0.033358042994810974 0.08620689655172414
1 0.6282431430689399 0.35727969348659006 0.033358042994810974 0.08620689655172414
1 0.7045959970348407 0.2825670498084291 0.033358042994810974 0.0842911877394636
1 0.6134173461823573 0.3170498084291188 0.033358042994810974 0.0842911877394636
1 0.6890289103039289 0.24329501915708812 0.03187546330615271 0.08237547892720307
1 0.6660489251297257 0.18869731800766285 0.022979985174203115 0.05172413793103448
1 0.5978502594514455 0.2811302681992337 0.03187546330615271 0.08524904214559387
1 0.5911786508524833 0.2629310344827586 0.033358042994810974 0.08333333333333333
1 0.5822831727205338 0.24568965517241378 0.03187546330615271 0.08333333333333333
1 0.5707931801334322 0.23994252873563218 0.023721275018532245 0.05268199233716475
1 0.4618235730170497 0.2624521072796935 0.042994810971089696 0.038314176245210725
1 0.11823573017049667 0.17768199233716475 0.04225352112676056 0.033524904214559385
