1 0.9326805385556916 0.8009164969450102 0.02692778457772338 0.045824847250509164
1 0.39167686658506734 0.49490835030549896 0.056303549571603426 0.020366598778004074
1 0.2729498164014688 0.45773930753564157 0.056303549571603426 0.019348268839103868
1 0.3347613219094247 0.46894093686354377 0.05752753977968176 0.023421588594704685
1 0.3984088127294982 0.4816700610997963 0.05997552019583843 0.024439918533604887
1 0.4583843329253366 0.49338085539714865 0.05752753977968176 0.023421588594704685
1 0.5238678090575275 0.5061099796334012 0.0587515299877601 0.02240325865580448
1 0.27356181150550796 0.47046843177189407 0.05752753977968176 0.024439918533604887
1 0.3298653610771114 0.48217922606924646 0.05752753977968176 0.023421588594704685
1 0.4528763769889841 0.5066191446028513 0.0587515299877601 0.025458248472505093
1 0.5269277845777234 0.49134419551934827 0.05507955936352509 0.023421588594704685
1 0.51468788249694 0.5178207739307535 0.05752753977968176 0.025458248472505093
1 0.5134638922888617 0.5371690427698574 0.05507955936352509 0.023421588594704685
1 0.4418604651162791 0.5356415478615071 0.056303549571603426 0.020366598778004074
1 0.3898408812729498 0.5117107942973523 0.05507955936352509 0.023421588594704685
1 0.3261933904528764 0.4994908350305499 0.05752753977968176 0.023421588594704685
1 0.26744186046511625 0.48828920570264767 0.05752753977968176 0.023421588594704685
1 0.19033047735618114 0.5381873727087576 0.05263157894736842 0.021384928716904276
1 0.2160342717258262 0.4465376782077393 0.05263157894736842 0.021384928716904276
1 0.46511627906976744 0.48116089613034624 0.05385556915544676 0.021384928716904276
1 0.7166462668298653 0.9241344195519349 0.07221542227662178 0.0274949083503055
1 0.22643818849449204 0.4159877800407332 0.05385556915544676 0.021384928716904276
1 0.3023255813953488 0.40173116089613037 0.05385556915544676 0.023421588594704685
1 0.4320685434516524 0.4256619144602851 0.05385556915544676 0.024439918533604887
1 0.4920440636474908 0.43890020366598775 0.056303549571603426 0.024439918533604887
1 0.34577723378212977 0.42515274949083504 0.05752753977968176 0.023421588594704685
1 0.41370869033047736 0.43839103869653767 0.051407588739290085 0.023421588594704685
1 0.4755201958384333 0.45010183299389 0.05507955936352509 0.02240325865580448
1 0.5342717258261934 0.45977596741344195 0.05997552019583843 0.023421588594704685
1 0.2858017135862913 0.42769857433808556 0.05752753977968176 0.02240325865580448
1 0.4069767441860465 0.4694501018329939 0.05263157894736842 0.024439918533604887
1 0.34516523867809057 0.4394093686354379 0.051407588739290085 0.023421588594704685
1 0.4112607099143207 0.45213849287169044 0.05385556915544676 0.024439918533604887
1 0.4724602203182375 0.46435845213849286 0.056303549571603426 0.02240325865580448
1 0.5312117503059975 0.47505091649694503 0.056303549571603426 0.023421588594704685
1 0.22031823745410037 0.43279022403258655 0.05385556915544676 0.024439918533604887
1 0.277233782129743 0.4439918533604888 0.05507955936352509 0.020366598778004074
1 0.33598531211750304 0.45519348268839105 0.05507955936352509 0.02240325865580448
1 0.23623011015911874 0.6695519348268839 0.05385556915544676 0.023421588594704685
1 0.29436964504283963 0.6827902240325866 0.05997552019583843 0.023421588594704685
1 0.3629130966952264 0.6945010183299389 0.05752753977968176 0.02240325865580448
1 0.7741738066095472 0.7041751527494908 0.0208078335373317 0.04378818737270876
1 0.5826193390452876 0.5493890020366599 0.05385556915544676 0.023421588594704685
1 0.6762545899632803 0.6257637474541752 0.05507955936352509 0.021384928716904276
1 0.675030599755202 0.6420570264765784 0.05752753977968176 0.023421588594704685
1 0.6003671970624235 0.7214867617107943 0.05507955936352509 0.021384928716904276
1 0.6015911872705019 0.744908350305499 0.05752753977968176 0.021384928716904276
1 0.6621787025703795 0.7535641547861507 0.056303549571603426 0.02240325865580448
1 0.572827417380661 0.7769857433808554 0.05385556915544676 0.02240325865580448
1 0.7894736842105263 0.7072301425661914 0.02692778457772338 0.04786150712830957
1 0.4834761321909425 0.6985743380855397 0.0587515299877601 0.02240325865580448
1 0.7643818849449204 0.7515274949083504 0.025703794369645042 0.048879837067209775
1 0.7790697674418605 0.7561099796334012 0.025703794369645042 0.045824847250509164
1 0.6070991432068543 0.8482688391038696 0.056303549571603426 0.03054989816700611
1 0.7552019583843329 0.810081466395112 0.046511627906976744 0.021384928716904276
1 0.7496940024479805 0.8335030549898167 0.04773561811505508 0.021384928716904276
1 0.7441860465116279 0.8630346232179226 0.04895960832313342 0.019348268839103868
1 0.737454100367197 0.8772912423625254 0.05997552019583843 0.023421588594704685
1 0.6450428396572827 0.5616089613034623 0.05385556915544676 0.021384928716904276
1 0.5813953488372093 0.5305498981670062 0.056303549571603426 0.020366598778004074
1 0.6481028151774786 0.5437881873727087 0.05507955936352509 0.02240325865580448
1 0.6511627906976745 0.5310590631364562 0.056303549571603426 0.023421588594704685
1 0.5281517747858017 0.7281059063136456 0.05752753977968176 0.024439918533604887
1 0.3433292533659731 0.7092668024439919 0.06242350061199511 0.025458248472505093
1 0.2558139534883721 0.7169042769857433 0.07343941248470012 0.026476578411405296
1 0.24969400244798043 0.7342158859470469 0.07343941248470012 0.026476578411405296
1 0.4755201958384333 0.8431771894093686 0.037943696450428395 0.020366598778004074
1 0.5269277845777234 0.8533604887983707 0.05752753977968176 0.024439918533604887
1 0.6646266829865362 0.4516293279022403 0.046511627906976744 0.021384928716904276
1 0.6070991432068543 0.47505091649694503 0.056303549571603426 0.023421588594704685
1 0.6676866585067319 0.4730142566191446 0.05507955936352509 0.021384928716904276
1 0.671358629130967 0.48879837067209775 0.04773561811505508 0.020366598778004074
1 0.6015911872705019 0.48879837067209775 0.05752753977968176 0.026476578411405296
1 0.6603427172582619 0.4989816700610998 0.05507955936352509 0.024439918533604887
1 0.5924112607099143 0.5040733197556008 0.05385556915544676 0.020366598778004074
1 0.6572827417380661 0.5162932790224033 0.051407588739290085 0.02240325865580448
1 0.5862913096695227 0.5178207739307535 0.056303549571603426 0.021384928716904276
1 0.3537331701346389 0.39307535641547864 0.051407588739290085 0.02240325865580448
