2 0.9322732626619552 0.37064343163538876 0.009422850412249705 0.036193029490616625
2 0.18168433451118962 0.11729222520107238 0.0088339222614841 0.03351206434316354
2 0.011484098939929329 0.17024128686327078 0.014723203769140165 0.0160857908847185
2 0.14870435806831567 0.13270777479892762 0.0076560659599528855 0.032171581769437
2 0.15577149587750294 0.12667560321715818 0.0088339222614841 0.030831099195710455
2 0.1604829210836278 0.12198391420911528 0.0088339222614841 0.03485254691689008
2 0.16725559481743227 0.12131367292225201 0.009422850412249705 0.036193029490616625
2 0.17461719670200235 0.11863270777479892 0.0088339222614841 0.036193029490616625
2 0.1872791519434629 0.11126005361930295 0.01060070671378092 0.03485254691689008
2 0.1416372202591284 0.13203753351206435 0.0088339222614841 0.03351206434316354
2 0.19522968197879859 0.10656836461126006 0.0088339222614841 0.030831099195710455
2 0.2152532391048292 0.10053619302949061 0.010011778563015312 0.03485254691689008
2 0.23674911660777384 0.0918230563002681 0.01060070671378092 0.0388739946380697
2 0.18286219081272084 0.0388739946380697 0.0088339222614841 0.03485254691689008
2 0.18992932862190812 0.0388739946380697 0.010011778563015312 0.03753351206434316
2 0.20200235571260305 0.03150134048257373 0.009422850412249705 0.030831099195710455
2 0.0892226148409894 0.20978552278820375 0.014723203769140165 0.01742627345844504
2 0.12838633686690223 0.13941018766756033 0.009422850412249705 0.03485254691689008
2 0.2146643109540636 0.027479892761394103 0.0076560659599528855 0.030831099195710455
2 0.05771495877502945 0.1722520107238606 0.009422850412249705 0.03351206434316354
2 0.15488810365135453 0.05093833780160858 0.01060070671378092 0.03485254691689008
2 0.16166077738515902 0.04758713136729222 0.010011778563015312 0.03351206434316354
2 0.1693168433451119 0.045576407506702415 0.0088339222614841 0.03485254691689008
2 0.17579505300353357 0.04155495978552279 0.0076560659599528855 0.029490616621983913
2 0.031507656065959955 0.16420911528150134 0.01707891637220259 0.022788203753351208
2 0.04799764428739694 0.17091152815013405 0.014723203769140165 0.03351206434316354
2 0.06389870435806831 0.1648793565683646 0.011189634864546525 0.040214477211796246
2 0.12190812720848057 0.14410187667560323 0.01060070671378092 0.03351206434316354
2 0.07008244994110718 0.1601876675603217 0.008244994110718492 0.030831099195710455
2 0.07656065959952886 0.1601876675603217 0.01060070671378092 0.03351206434316354
2 0.08392226148409894 0.15951742627345844 0.010011778563015312 0.032171581769437
2 0.09157832744405182 0.153485254691689 0.0088339222614841 0.0388739946380697
2 0.10306242638398115 0.15281501340482573 0.009422850412249705 0.032171581769437
2 0.11101295641931684 0.1487935656836461 0.0088339222614841 0.032171581769437
2 0.20906949352179033 0.027479892761394103 0.009422850412249705 0.030831099195710455
2 0.2223203769140165 0.023458445040214475 0.0088339222614841 0.036193029490616625
2 0.13987043580683156 0.058310991957104555 0.0088339222614841 0.03351206434316354
2 0.18197879858657243 0.6146112600536193 0.008244994110718492 0.03351206434316354
2 0.054770318021201414 0.40281501340482573 0.015312131919905771 0.020107238605898123
2 0.11395759717314488 0.3773458445040214 0.018256772673733806 0.02546916890080429
2 0.1516489988221437 0.3558981233243968 0.01707891637220259 0.022788203753351208
2 0.17608951707891637 0.5315013404825737 0.008244994110718492 0.03351206434316354
2 0.18168433451118962 0.5301608579088471 0.0088339222614841 0.030831099195710455
2 0.1878680800942285 0.5315013404825737 0.008244994110718492 0.030831099195710455
2 0.1896348645465253 0.6119302949061662 0.009422850412249705 0.030831099195710455
2 0.027090694935217905 0.28619302949061665 0.012956419316843345 0.01742627345844504
2 0.19022379269729092 0.3418230563002681 0.014134275618374558 0.0160857908847185
2 0.1881625441696113 0.3163538873994638 0.014723203769140165 0.024128686327077747
2 0.21024734982332155 0.3344504021447721 0.014134275618374558 0.020107238605898123
2 0.1964075382803298 0.6052278820375335 0.010011778563015312 0.036193029490616625
2 0.20347467608951708 0.6045576407506702 0.010011778563015312 0.03753351206434316
2 0.21054181389870436 0.5985254691689008 0.0076560659599528855 0.03351206434316354
2 0.030035335689045935 0.37131367292225204 0.014134275618374558 0.01876675603217158
2 0.026207302709069492 0.01742627345844504 0.012367491166077738 0.01876675603217158
2 0.22938751472320376 0.021447721179624665 0.010011778563015312 0.03485254691689008
2 0.2921083627797409 0.06300268096514745 0.008244994110718492 0.032171581769437
2 0.23763250883392226 0.01742627345844504 0.006478209658421673 0.029490616621983913
2 0.24764428739693758 0.08847184986595175 0.010011778563015312 0.03485254691689008
2 0.26531213191990577 0.07841823056300268 0.0088339222614841 0.03351206434316354
2 0.27296819787985865 0.07439678284182305 0.010011778563015312 0.036193029490616625
2 0.2797408716136631 0.07104557640750671 0.009422850412249705 0.03485254691689008
2 0.285924617196702 0.07037533512064344 0.010011778563015312 0.036193029490616625
2 0.29917550058892817 0.06367292225201072 0.009422850412249705 0.030831099195710455
2 0.009717314487632508 0.023458445040214475 0.015901060070671377 0.022788203753351208
2 0.30565371024734983 0.06166219839142091 0.009422850412249705 0.032171581769437
2 0.3165488810365135 0.058310991957104555 0.0076560659599528855 0.030831099195710455
2 0.3303886925795053 0.049597855227882036 0.009422850412249705 0.03753351206434316
2 0.3374558303886926 0.044906166219839144 0.008244994110718492 0.03351206434316354
2 0.34393404004711425 0.04155495978552279 0.009422850412249705 0.032171581769437
2 0.3501177856301531 0.036193029490616625 0.010011778563015312 0.03485254691689008
2 0.14723203769140164 0.05361930294906166 0.009422850412249705 0.03485254691689008
2 0.1330977620730271 0.06166219839142091 0.01060070671378092 0.03485254691689008
2 0.22438162544169613 0.5945040214477212 0.009422850412249705 0.03351206434316354
1 0.6439929328621908 0.4631367292225201 0.054770318021201414 0.04423592493297587
1 0.5686101295641932 0.5971849865951743 0.026501766784452298 0.07640750670241286
1 0.5833333333333334 0.5898123324396782 0.028857479387514724 0.0777479892761394
1 0.598939929328622 0.5797587131367292 0.028268551236749116 0.08176943699731903
1 0.6254416961130742 0.5690348525469169 0.03769140164899882 0.11126005361930295
1 0.6410482921083628 0.5656836461126006 0.026501766784452298 0.08042895442359249
1 0.5795053003533569 0.492627345844504 0.05418138987043581 0.04423592493297587
1 0.6928739693757362 0.4403485254691689 0.035924617196702 0.03351206434316354
1 0.5209069493521791 0.29088471849865954 0.035924617196702 0.045576407506702415
1 0.5653710247349824 0.27211796246648795 0.03651354534746761 0.04289544235924933
1 0.5868669022379269 0.2634048257372654 0.035924617196702 0.04155495978552279
1 0.6301531213191991 0.2432975871313673 0.0353356890459364 0.04155495978552279
1 0.6548881036513545 0.2359249329758713 0.0353356890459364 0.040214477211796246
1 0.6784452296819788 0.22654155495978553 0.03651354534746761 0.040214477211796246
1 0.6716725559481743 0.5449061662198391 0.02767962308598351 0.07908847184986595
1 0.5438751472320377 0.603887399463807 0.03828032979976443 0.11394101876675604
1 0.4997055359246172 0.6253351206434317 0.024146054181389872 0.07372654155495978
1 0.7131919905771495 0.5308310991957105 0.028268551236749116 0.08042895442359249
1 0.30094228504122494 0.7091152815013405 0.03769140164899882 0.11528150134048257
1 0.17255594817432274 0.47050938337801607 0.04711425206124853 0.040214477211796246
1 0.10394581861012957 0.849195710455764 0.05594817432273263 0.04155495978552279
1 0.29829210836277975 0.4128686327077748 0.044169611307420496 0.03753351206434316
1 0.28945818610129564 0.3585790884718499 0.030035335689045935 0.03351206434316354
1 0.3751472320376914 0.37868632707774796 0.045936395759717315 0.0388739946380697
1 0.27208480565371024 0.7205093833780161 0.038869257950530034 0.11394101876675604
1 0.3136042402826855 0.703083109919571 0.02767962308598351 0.07908847184986595
1 0.4873380447585395 0.6280160857908847 0.035924617196702 0.11126005361930295
1 0.32626619552414604 0.7017426273458445 0.027090694935217905 0.07908847184986595
1 0.3989988221436985 0.6749329758713136 0.02767962308598351 0.07908847184986595
1 0.43109540636042404 0.6494638069705094 0.028268551236749116 0.07908847184986595
1 0.44228504122497053 0.6528150134048257 0.03297997644287397 0.0938337801608579
1 0.4578916372202591 0.6394101876675603 0.02767962308598351 0.0777479892761394
1 0.4902826855123675 0.7124664879356568 0.035924617196702 0.036193029490616625
1 0.6869846878680801 0.5355227882037533 0.035924617196702 0.11662198391420911
1 0.724676089517079 0.5308310991957105 0.026501766784452298 0.07506702412868632
2 0.1254416961130742 0.06836461126005362 0.008244994110718492 0.029490616621983913
2 0.0712603062426384 0.09249329758713137 0.009422850412249705 0.03753351206434316
2 0.021790341578327443 0.11327077747989277 0.009422850412249705 0.03351206434316354
2 0.029740871613663133 0.11126005361930295 0.0088339222614841 0.032171581769437
2 0.03680800942285041 0.1032171581769437 0.010011778563015312 0.032171581769437
2 0.04799764428739694 0.09986595174262734 0.0088339222614841 0.03351206434316354
2 0.05418138987043581 0.09651474530831099 0.009422850412249705 0.032171581769437
2 0.060954063604240286 0.0938337801608579 0.011189634864546525 0.03753351206434316
2 0.07803297997644287 0.08780160857908847 0.0088339222614841 0.03351206434316354
1 0.8878091872791519 0.43967828418230565 0.02767962308598351 0.08579088471849866
2 0.08568904593639576 0.08579088471849866 0.0088339222614841 0.032171581769437
2 0.09275618374558305 0.08176943699731903 0.0076560659599528855 0.032171581769437
2 0.0989399293286219 0.07841823056300268 0.008244994110718492 0.028150134048257374
2 0.10600706713780919 0.0777479892761394 0.008244994110718492 0.029490616621983913
2 0.11189634864546526 0.07171581769436998 0.007067137809187279 0.02546916890080429
2 0.11896348645465253 0.07037533512064344 0.008244994110718492 0.030831099195710455
2 0.012073027090694936 0.11997319034852547 0.010011778563015312 0.03351206434316354
1 0.8724970553592462 0.44839142091152817 0.026501766784452298 0.07104557640750671
1 0.741166077738516 0.5154155495978552 0.02767962308598351 0.08176943699731903
1 0.8074204946996466 0.1695710455764075 0.0353356890459364 0.0388739946380697
1 0.7564782096584217 0.5060321715817694 0.02767962308598351 0.07908847184986595
1 0.7376325088339223 0.4202412868632708 0.034746760895170786 0.03351206434316354
1 0.7220259128386337 0.20777479892761394 0.03651354534746761 0.04289544235924933
1 0.7385159010600707 0.19302949061662197 0.0353356890459364 0.04289544235924933
1 0.7656065959952886 0.18967828418230562 0.04004711425206125 0.04691689008042895
1 0.7909305064782096 0.18297587131367293 0.03651354534746761 0.04423592493297587
1 0.824793875147232 0.15750670241286863 0.035924617196702 0.04155495978552279
1 0.8554181389870436 0.46179624664879354 0.026501766784452298 0.08445040214477212
1 0.8533568904593639 0.15214477211796246 0.03769140164899882 0.0388739946380697
1 0.7691401648998822 0.5040214477211796 0.02591283863368669 0.0777479892761394
1 0.7820965842167256 0.5033512064343163 0.02591283863368669 0.07640750670241286
1 0.7977031802120141 0.49195710455764075 0.028857479387514724 0.08310991957104558
1 0.8336277974087162 0.45308310991957107 0.024146054181389872 0.07238605898123325
1 0.8430506478209658 0.4624664879356568 0.02767962308598351 0.08310991957104558
2 0.21760895170789163 0.596514745308311 0.010011778563015312 0.03485254691689008
2 0.22997644287396937 0.5924932975871313 0.006478209658421673 0.029490616621983913
2 0.9246171967020024 0.26742627345844505 0.009422850412249705 0.036193029490616625
2 0.5541813898704359 0.36863270777479895 0.007067137809187279 0.029490616621983913
2 0.576266195524146 0.43699731903485256 0.010011778563015312 0.032171581769437
2 0.5836277974087162 0.4363270777479893 0.009422850412249705 0.030831099195710455
2 0.5924617196702002 0.4336461126005362 0.01060070671378092 0.03351206434316354
2 0.5995288574793876 0.43297587131367293 0.008244994110718492 0.03485254691689008
2 0.6065959952885748 0.42828418230563003 0.009422850412249705 0.028150134048257374
2 0.6136631330977621 0.4215817694369973 0.008244994110718492 0.022788203753351208
2 0.5609540636042403 0.3652815013404826 0.0076560659599528855 0.030831099195710455
2 0.5606595995288575 0.450402144772118 0.008244994110718492 0.029490616621983913
2 0.5677267373380448 0.36394101876675605 0.008244994110718492 0.03351206434316354
2 0.576266195524146 0.3605898123324397 0.0076560659599528855 0.032171581769437
2 0.5865724381625441 0.3585790884718499 0.008244994110718492 0.030831099195710455
2 0.5930506478209658 0.3532171581769437 0.009422850412249705 0.03351206434316354
2 0.6010011778563016 0.3491957104557641 0.0076560659599528855 0.030831099195710455
2 0.6086572438162544 0.34785522788203754 0.0076560659599528855 0.03351206434316354
2 0.568904593639576 0.4410187667560322 0.007067137809187279 0.02680965147453083
2 0.553886925795053 0.4517426273458445 0.010011778563015312 0.03485254691689008
2 0.6230859835100118 0.3398123324396783 0.008244994110718492 0.03351206434316354
2 0.5111896348645465 0.3873994638069705 0.009422850412249705 0.029490616621983913
2 0.5156065959952886 0.46849865951742625 0.0088339222614841 0.028150134048257374
2 0.483510011778563 0.39946380697050937 0.009422850412249705 0.032171581769437
2 0.48586572438162545 0.3284182305630027 0.015312131919905771 0.021447721179624665
2 0.4911660777385159 0.39276139410187666 0.008244994110718492 0.032171581769437
2 0.49764428739693756 0.3941018766756032 0.009422850412249705 0.03485254691689008
2 0.5041224970553593 0.3900804289544236 0.009422850412249705 0.03485254691689008
2 0.5220848056537103 0.3827077747989276 0.0076560659599528855 0.030831099195710455
2 0.5459363957597173 0.4544235924932976 0.008244994110718492 0.03485254691689008
2 0.5288574793875147 0.37935656836461124 0.009422850412249705 0.032171581769437
2 0.5362190812720848 0.37868632707774796 0.0088339222614841 0.03351206434316354
2 0.5424028268551236 0.37332439678284185 0.009422850412249705 0.036193029490616625
2 0.523851590106007 0.46380697050938335 0.010011778563015312 0.03753351206434316
2 0.5320965842167256 0.460455764075067 0.0088339222614841 0.03351206434316354
2 0.5388692579505301 0.45576407506702415 0.009422850412249705 0.032171581769437
2 0.6151354534746761 0.3445040214477212 0.0088339222614841 0.03485254691689008
2 0.6210247349823321 0.4215817694369973 0.0076560659599528855 0.03351206434316354
2 0.49734982332155475 0.4765415549597855 0.0088339222614841 0.030831099195710455
2 0.6919905771495878 0.3914209115281501 0.009422850412249705 0.03485254691689008
2 0.6451707891637221 0.4101876675603217 0.0088339222614841 0.032171581769437
2 0.6528268551236749 0.40482573726541554 0.0088339222614841 0.03485254691689008
2 0.6595995288574794 0.40281501340482573 0.008244994110718492 0.03351206434316354
2 0.667550058892815 0.4008042895442359 0.011189634864546525 0.03485254691689008
2 0.6769729093050648 0.40013404825737264 0.0088339222614841 0.0388739946380697
2 0.6843345111896348 0.39075067024128685 0.009422850412249705 0.030831099195710455
2 0.7017078916372202 0.38337801608579086 0.010011778563015312 0.03485254691689008
2 0.7762073027090695 0.2687667560321716 0.008244994110718492 0.030831099195710455
2 0.7078916372202592 0.3800268096514745 0.009422850412249705 0.036193029490616625
2 0.7143698468786808 0.3753351206434316 0.009422850412249705 0.032171581769437
2 0.7223203769140165 0.3739946380697051 0.0088339222614841 0.03485254691689008
2 0.916077738515901 0.16823056300268097 0.0088339222614841 0.03351206434316354
2 0.9193168433451119 0.20040214477211796 0.007067137809187279 0.028150134048257374
2 0.9210836277974087 0.23190348525469168 0.01060070671378092 0.03485254691689008
2 0.6342756183745583 0.4155495978552279 0.009422850412249705 0.032171581769437
2 0.7691401648998822 0.2761394101876676 0.008244994110718492 0.029490616621983913
2 0.627208480565371 0.42091152815013405 0.008244994110718492 0.032171581769437
2 0.673733804475854 0.3163538873994638 0.008244994110718492 0.032171581769437
2 0.6298586572438163 0.3378016085790885 0.0076560659599528855 0.03485254691689008
2 0.6366313309776207 0.33378016085790885 0.009422850412249705 0.032171581769437
2 0.6451707891637221 0.32908847184986595 0.0076560659599528855 0.028150134048257374
2 0.6513545347467609 0.3277479892761394 0.008244994110718492 0.030831099195710455
2 0.658716136631331 0.3237265415549598 0.0076560659599528855 0.02546916890080429
2 0.666077738515901 0.3190348525469169 0.008244994110718492 0.029490616621983913
2 0.6802120141342756 0.31300268096514744 0.008244994110718492 0.03351206434316354
2 0.7614840989399293 0.2781501340482574 0.009422850412249705 0.03351206434316354
2 0.6887514723203769 0.31233243967828417 0.0088339222614841 0.03485254691689008
2 0.6964075382803298 0.3042895442359249 0.0088339222614841 0.03753351206434316
2 0.7034746760895171 0.30093833780160856 0.0088339222614841 0.030831099195710455
2 0.715547703180212 0.2982573726541555 0.008244994110718492 0.03351206434316354
2 0.7279151943462897 0.2935656836461126 0.008244994110718492 0.032171581769437
2 0.7547114252061249 0.2801608579088472 0.0088339222614841 0.032171581769437
2 0.5055948174322733 0.4738605898123324 0.0088339222614841 0.036193029490616625
2 0.4908716136631331 0.4832439678284182 0.0076560659599528855 0.030831099195710455
2 0.23645465253239104 0.5884718498659517 0.0088339222614841 0.03485254691689008
2 0.29799764428739695 0.4785522788203753 0.008244994110718492 0.029490616621983913
2 0.25206124852767964 0.49664879356568364 0.009422850412249705 0.03351206434316354
2 0.2585394581861013 0.4932975871313673 0.008244994110718492 0.02680965147453083
2 0.267962308598351 0.4932975871313673 0.009422850412249705 0.03485254691689008
2 0.2779740871613663 0.48726541554959785 0.008244994110718492 0.03351206434316354
2 0.2835689045936396 0.4839142091152815 0.0076560659599528855 0.024128686327077747
2 0.29063604240282687 0.48056300268096513 0.010011778563015312 0.03351206434316354
2 0.3044758539458186 0.47788203753351205 0.009422850412249705 0.036193029490616625
2 0.23409893992932862 0.5040214477211796 0.0088339222614841 0.03485254691689008
2 0.31036513545347466 0.4738605898123324 0.008244994110718492 0.030831099195710455
2 0.31595995288574796 0.4725201072386059 0.0076560659599528855 0.02546916890080429
2 0.32332155477031804 0.47050938337801607 0.008244994110718492 0.032171581769437
2 0.3297997644287397 0.4671581769436997 0.009422850412249705 0.03351206434316354
2 0.33627797408716137 0.46380697050938335 0.008244994110718492 0.02680965147453083
2 0.3583627797408716 0.5831099195710456 0.010011778563015312 0.03485254691689008
2 0.24293286219081273 0.5033512064343163 0.010011778563015312 0.036193029490616625
2 0.22879858657243815 0.5107238605898123 0.0076560659599528855 0.02680965147453083
2 0.36454652532391046 0.6548257372654156 0.009422850412249705 0.03351206434316354
2 0.282979976442874 0.5690348525469169 0.010011778563015312 0.036193029490616625
2 0.24352179034157834 0.5864611260053619 0.010011778563015312 0.03351206434316354
2 0.25 0.5824396782841823 0.0088339222614841 0.030831099195710455
2 0.25647820965842166 0.5784182305630027 0.0088339222614841 0.03351206434316354
2 0.2629564193168433 0.5770777479892761 0.010011778563015312 0.036193029490616625
2 0.2697290930506478 0.574396782841823 0.009422850412249705 0.03351206434316354
2 0.2765017667844523 0.5710455764075067 0.0076560659599528855 0.029490616621983913
2 0.29063604240282687 0.564343163538874 0.010011778563015312 0.032171581769437
2 0.2223203769140165 0.514745308310992 0.0088339222614841 0.029490616621983913
2 0.299469964664311 0.5609919571045576 0.0076560659599528855 0.02546916890080429
2 0.30977620730270905 0.5556300268096515 0.01060070671378092 0.030831099195710455
2 0.19493521790341578 0.5261394101876675 0.009422850412249705 0.036193029490616625
2 0.20170789163722025 0.5241286863270778 0.0076560659599528855 0.032171581769437
2 0.20818610129564194 0.5194369973190348 0.0076560659599528855 0.030831099195710455
2 0.214075382803298 0.5167560321715817 0.0088339222614841 0.030831099195710455
2 0.36130742049469966 0.6199731903485255 0.0088339222614841 0.030831099195710455
2 0.3677856301531213 0.693029490616622 0.010011778563015312 0.032171581769437
2 0.4802709069493522 0.48525469168900803 0.0076560659599528855 0.029490616621983913
2 0.4204946996466431 0.5087131367292225 0.009422850412249705 0.036193029490616625
2 0.4472909305064782 0.41420911528150134 0.0088339222614841 0.029490616621983913
2 0.4555359246171967 0.4101876675603217 0.010011778563015312 0.032171581769437
2 0.464075382803298 0.4075067024128686 0.01060070671378092 0.03485254691689008
2 0.4720259128386337 0.4054959785522788 0.0088339222614841 0.03351206434316354
2 0.4045936395759717 0.5134048257372654 0.01060070671378092 0.03485254691689008
2 0.4122497055359246 0.5120643431635389 0.007067137809187279 0.02680965147453083
2 0.4278563015312132 0.5060321715817694 0.010011778563015312 0.03351206434316354
2 0.4331566548881037 0.42292225201072386 0.010011778563015312 0.03351206434316354
2 0.4361012956419317 0.5053619302949062 0.0088339222614841 0.03485254691689008
2 0.44405182567726736 0.4979892761394102 0.007067137809187279 0.03351206434316354
2 0.45200235571260305 0.49865951742627346 0.0088339222614841 0.03485254691689008
2 0.45965842167255594 0.4912868632707775 0.0088339222614841 0.030831099195710455
2 0.4664310954063604 0.4932975871313673 0.008244994110718492 0.029490616621983913
2 0.4737926972909305 0.48927613941018766 0.0088339222614841 0.032171581769437
2 0.44051825677267376 0.41823056300268097 0.008244994110718492 0.029490616621983913
2 0.42608951707891635 0.4249329758713137 0.010011778563015312 0.03485254691689008
2 0.3710247349823322 0.7319034852546917 0.009422850412249705 0.03753351206434316
2 0.3568904593639576 0.4517426273458445 0.008244994110718492 0.032171581769437
2 0.3748527679623086 0.7654155495978552 0.010011778563015312 0.032171581769437
2 0.3830977620730271 0.8619302949061662 0.0088339222614841 0.029490616621983913
2 0.38574793875147234 0.8994638069705094 0.008244994110718492 0.032171581769437
2 0.38869257950530034 0.9369973190348525 0.009422850412249705 0.03485254691689008
2 0.3910482921083628 0.9738605898123325 0.009422850412249705 0.030831099195710455
2 0.3468786808009423 0.4571045576407507 0.009422850412249705 0.032171581769437
2 0.3671967020023557 0.4497319034852547 0.0088339222614841 0.030831099195710455
2 0.4193168433451119 0.4262734584450402 0.009422850412249705 0.032171581769437
2 0.3739693757361602 0.44638069705093836 0.009422850412249705 0.03753351206434316
2 0.38044758539458184 0.4403485254691689 0.009422850412249705 0.03351206434316354
2 0.38810365135453473 0.43967828418230565 0.008244994110718492 0.032171581769437
2 0.3948763250883392 0.43766756032171583 0.010011778563015312 0.03351206434316354
2 0.40577149587750294 0.43230563002680966 0.01060070671378092 0.036193029490616625
2 0.4125441696113074 0.4289544235924933 0.0088339222614841 0.032171581769437
1 0.1413427561837456 0.4571045576407507 0.03651354534746761 0.03485254691689008
